1,1,Fall,2000,11,5,1
501,1,Fall,2012,7,4,6
1001,1,Spring,2014,11,6,4
502,1,Fall,2003,19,4,9
502,2,Fall,2009,19,6,16
503,1,Fall,2008,19,1,15
503,2,Spring,2012,19,6,14
504,1,Fall,2000,18,25,16
505,1,Fall,2012,19,9,6
506,1,Fall,2005,7,6,2
507,1,Fall,2010,11,5,1
507,2,Spring,2009,11,4,15
508,1,Fall,2013,18,3,15
508,2,Fall,2014,18,7,1
509,1,Spring,2005,19,7,6
509,2,Spring,2015,19,8,16
510,1,Fall,2010,11,3,11
511,1,Fall,2009,18,27,14
511,2,Fall,2005,18,16,2
512,1,Fall,2014,10,10,8
513,1,Fall,2013,10,9,10
514,1,Fall,2002,7,14,8
514,2,Fall,2012,7,9,7
515,1,Spring,2007,10,6,3
516,1,Fall,2012,19,1,9
517,1,Spring,2013,7,16,6
517,2,Spring,2000,7,14,16
518,1,Spring,2009,11,4,1
518,2,Spring,2008,11,2,5
519,1,Fall,2006,18,8,12
519,2,Spring,2011,18,19,6
520,1,Spring,2007,19,4,9
520,2,Fall,2008,19,11,1
521,1,Spring,2006,2,1,11
521,2,Fall,2015,2,5,16
522,1,Fall,2009,7,8,12
523,1,Fall,2007,10,5,16
524,1,Spring,2008,2,3,16
525,1,Fall,2006,18,22,7
526,1,Fall,2012,10,2,9
526,2,Fall,2006,10,12,16
527,1,Fall,2006,18,7,1
527,2,Spring,2015,18,13,1
528,1,Spring,2011,2,4,16
529,1,Spring,2011,10,7,1
529,2,Spring,2012,10,10,4
530,1,Fall,2004,2,3,13
530,2,Fall,2000,2,3,6
531,1,Spring,2012,2,2,8
532,1,Spring,2009,2,6,8
533,1,Fall,2009,18,8,10
534,1,Fall,2000,18,27,7
535,1,Fall,2007,2,3,4
536,1,Fall,2000,11,1,3
536,2,Spring,2007,11,4,9
537,1,Spring,2010,2,6,3
537,2,Spring,2000,2,3,8
538,1,Spring,2015,2,4,15
539,1,Fall,2015,2,6,2
540,1,Spring,2004,7,15,6
1501,1,Fall,2007,7,13,8
541,1,Spring,2002,10,1,3
541,2,Spring,2006,10,8,11
542,1,Fall,2003,19,10,6
543,1,Fall,2013,18,2,14
2501,1,Fall,2000,2,1,7
2501,2,Fall,2010,2,2,8
2502,1,Spring,2010,7,18,15
2503,1,Fall,2006,7,3,12
2503,2,Fall,2015,7,19,16
2504,1,Spring,2012,2,6,6
2505,1,Spring,2010,19,1,16
2506,1,Spring,2002,7,8,16
2506,2,Fall,2005,7,19,1
2507,1,Spring,2006,11,4,3
2508,1,Spring,2007,2,1,4
2509,1,Spring,2013,18,15,2
2510,1,Spring,2008,18,12,1
2511,1,Fall,2009,7,9,10
2511,2,Spring,2012,7,5,2
2512,1,Fall,2005,11,3,11
2512,2,Spring,2000,11,3,2
2513,1,Fall,2013,11,2,7
2514,1,Fall,2011,18,2,3
2514,2,Fall,2015,18,10,11
2515,1,Fall,2012,11,2,12
2515,2,Fall,2015,11,2,14
2516,1,Fall,2007,19,6,1
2517,1,Spring,2014,10,8,2
2517,2,Spring,2010,10,10,15
2518,1,Fall,2008,11,2,8
2519,1,Fall,2010,18,7,11
2520,1,Fall,2013,19,2,8
2521,1,Fall,2011,7,6,5
2522,1,Fall,2009,2,4,6
2523,1,Spring,2013,2,4,16
2524,1,Spring,2000,10,8,4
2524,2,Spring,2013,10,13,11
2525,1,Spring,2015,11,1,4
2525,2,Spring,2014,11,1,11
2526,1,Spring,2009,18,23,2
2527,1,Spring,2012,18,8,9
2527,2,Spring,2001,18,17,1
2528,1,Fall,2011,10,8,8
2529,1,Fall,2015,10,5,15
2530,1,Spring,2001,2,3,14
2531,1,Fall,2011,7,14,11
2531,2,Spring,2000,7,10,6
2532,1,Spring,2002,18,5,11
2533,1,Spring,2013,19,12,2
2534,1,Spring,2015,2,2,16
2535,1,Fall,2002,11,6,3
2535,2,Spring,2015,11,4,7
2536,1,Fall,2006,7,8,15
3001,1,Fall,2004,19,5,12
2537,1,Spring,2006,7,15,1
2537,2,Spring,2003,7,11,7
2538,1,Spring,2010,7,16,15
3002,1,Spring,2002,2,1,1
2539,1,Spring,2013,18,6,1
2539,2,Fall,2007,18,22,11
3003,1,Fall,2005,2,4,1
2540,1,Spring,2013,2,5,9
2540,2,Fall,2005,2,2,7
3004,1,Spring,2001,18,23,10
3501,1,Fall,2014,19,6,7
3501,2,Spring,2013,19,6,9
2001,1,Spring,2011,18,6,8
2001,2,Spring,2007,18,12,5
3502,1,Spring,2008,19,7,4
3502,2,Spring,2003,19,8,8
3503,1,Fall,2015,10,3,11
3503,2,Fall,2001,10,11,10
3504,1,Fall,2007,10,13,2
3504,2,Fall,2009,10,1,4
3505,1,Spring,2003,2,2,3
3505,2,Fall,2013,2,2,7
3506,1,Spring,2006,11,4,13
3506,2,Fall,2004,11,2,10
3507,1,Spring,2007,10,10,7
3508,1,Fall,2005,18,9,9
2002,1,Spring,2011,10,8,9
2003,1,Spring,2006,10,4,1
2003,2,Spring,2008,10,8,8
2004,1,Fall,2011,2,1,12
2005,1,Fall,2002,18,22,15
2005,2,Spring,2015,18,1,7
2006,1,Spring,2008,18,25,10
2007,1,Spring,2007,19,4,16
2007,2,Spring,2001,19,8,4
2008,1,Fall,2008,18,15,8
2008,2,Spring,2009,18,5,5
2009,1,Fall,2010,18,24,1
2010,1,Spring,2002,19,11,4
2011,1,Fall,2009,19,9,5
2012,1,Fall,2010,19,9,12
2012,2,Fall,2008,19,3,16
2013,1,Spring,2000,2,4,16
2014,1,Spring,2003,2,5,14
2014,2,Spring,2000,2,3,1
2015,1,Fall,2007,2,1,5
2015,2,Spring,2015,2,6,10
2016,1,Spring,2001,7,16,11
2017,1,Spring,2003,11,6,10
2017,2,Fall,2008,11,2,13
2018,1,Fall,2006,10,7,11
2019,1,Fall,2009,7,13,4
2020,1,Spring,2007,10,11,11
2020,2,Fall,2001,10,1,8
2021,1,Spring,2015,19,10,2
2022,1,Spring,2005,2,4,10
2023,1,Spring,2009,11,2,7
2024,1,Fall,2009,2,4,15
2024,2,Fall,2003,2,6,7
2025,1,Fall,2015,11,5,11
2026,1,Fall,2012,2,1,15
2027,1,Fall,2000,11,4,13
2028,1,Fall,2015,19,3,16
2029,1,Spring,2009,7,16,7
2029,2,Fall,2001,7,5,10
2030,1,Fall,2003,7,16,8
2030,2,Spring,2000,7,17,13
2031,1,Fall,2014,2,5,14
2031,2,Fall,2014,2,1,15
2032,1,Spring,2005,11,3,7
2032,2,Fall,2008,11,3,6
2033,1,Spring,2013,2,4,5
2034,1,Fall,2002,19,2,3
2034,2,Fall,2005,19,12,10
2035,1,Fall,2006,18,10,5
2035,2,Spring,2012,18,6,15
2036,1,Spring,2009,2,4,9
2036,2,Spring,2011,2,6,13
2037,1,Fall,2015,11,3,5
2037,2,Fall,2001,11,3,3
2038,1,Fall,2001,19,7,1
2038,2,Spring,2001,19,5,6
2039,1,Spring,2002,19,2,13
2040,1,Spring,2002,10,5,6
2041,1,Spring,2000,7,11,14
2042,1,Spring,2014,18,9,11
2043,1,Fall,2006,18,11,9
2044,1,Spring,2003,2,6,6
2044,2,Fall,2003,2,6,14
2045,1,Fall,2002,7,2,9
2046,1,Fall,2010,19,5,15
2047,1,Spring,2011,11,5,6
2047,2,Fall,2006,11,2,1
2048,1,Spring,2002,18,4,11
2049,1,Spring,2003,11,1,7
2050,1,Spring,2000,18,12,14
2051,1,Fall,2005,11,1,13
544,1,Spring,2001,11,3,6
544,2,Spring,2013,11,2,13
545,1,Fall,2007,18,12,7
546,1,Spring,2007,10,6,1
547,1,Spring,2007,18,3,10
548,1,Fall,2012,11,6,12
549,1,Fall,2003,19,2,6
549,2,Spring,2006,19,1,6
550,1,Fall,2006,18,11,12
551,1,Spring,2014,2,5,7
552,1,Fall,2008,10,11,16
552,2,Fall,2001,10,7,9
553,1,Spring,2005,18,25,8
554,1,Spring,2015,2,5,2
554,2,Spring,2014,2,4,4
555,1,Fall,2000,19,9,13
555,2,Fall,2012,19,12,4
556,1,Fall,2003,18,14,9
557,1,Spring,2007,11,1,8
557,2,Fall,2001,11,1,14
558,1,Spring,2006,2,2,9
558,2,Fall,2001,2,1,9
559,1,Spring,2013,2,5,1
560,1,Fall,2007,18,17,5
560,2,Spring,2014,18,16,14
561,1,Spring,2010,11,1,2
561,2,Fall,2011,11,1,13
562,1,Fall,2002,7,9,12
563,1,Fall,2000,7,9,15
564,1,Spring,2011,18,4,13
565,1,Fall,2014,11,4,14
566,1,Spring,2012,18,7,5
567,1,Fall,2013,19,7,5
568,1,Fall,2009,2,2,4
568,2,Fall,2011,2,6,13
569,1,Fall,2001,7,17,9
569,2,Fall,2015,7,3,4
570,1,Spring,2001,10,7,4
571,1,Fall,2006,19,9,16
571,2,Spring,2006,19,3,1
572,1,Spring,2001,18,12,1
572,2,Fall,2014,18,10,1
573,1,Spring,2014,11,1,14
4501,1,Spring,2013,18,1,1
4501,2,Spring,2015,18,13,6
574,1,Fall,2000,11,5,15
3005,1,Spring,2007,7,1,1
3005,2,Fall,2011,7,3,16
575,1,Spring,2002,2,2,12
3509,1,Spring,2003,11,5,1
4001,1,Fall,2013,2,6,15
4001,2,Fall,2003,2,1,12
4502,1,Fall,2000,18,24,1
4503,1,Fall,2006,10,7,5
4002,1,Spring,2003,11,1,1
4002,2,Fall,2011,11,3,9
4003,1,Fall,2003,7,13,9
4004,1,Spring,2009,7,14,5
4005,1,Spring,2007,18,5,8
4006,1,Fall,2004,2,4,15
4007,1,Fall,2008,18,4,11
4007,2,Fall,2009,18,13,16
4008,1,Fall,2005,19,2,14
4009,1,Spring,2001,19,5,5
4009,2,Fall,2002,19,4,4
4010,1,Spring,2011,11,2,9
4011,1,Fall,2004,11,1,16
4012,1,Spring,2002,19,4,13
4012,2,Fall,2012,19,1,11
4013,1,Fall,2010,11,5,14
4014,1,Fall,2004,10,2,6
4014,2,Spring,2000,10,1,1
4015,1,Spring,2003,2,4,4
4016,1,Fall,2006,10,13,6
4017,1,Fall,2012,10,6,8
4018,1,Fall,2005,7,10,8
4019,1,Fall,2013,11,6,4
4020,1,Spring,2012,18,8,9
4020,2,Spring,2007,18,7,6
4021,1,Spring,2008,11,6,14
4022,1,Fall,2008,7,4,7
4023,1,Fall,2011,19,5,10
4024,1,Spring,2006,10,1,15
4025,1,Fall,2001,2,5,7
4025,2,Fall,2004,2,2,9
4026,1,Fall,2004,19,12,13
4026,2,Fall,2003,19,11,7
4027,1,Fall,2001,10,10,3
4027,2,Spring,2009,10,3,3
4028,1,Spring,2006,11,6,16
576,1,Fall,2006,11,4,10
576,2,Spring,2007,11,2,11
4029,1,Spring,2013,2,1,15
577,1,Spring,2012,19,5,15
4030,1,Fall,2000,2,1,2
4030,2,Spring,2011,2,2,1
578,1,Spring,2002,11,2,7
4031,1,Fall,2001,10,1,12
579,1,Spring,2014,18,21,10
579,2,Spring,2011,18,18,11
4032,1,Fall,2001,10,2,14
4032,2,Fall,2005,10,7,12
580,1,Fall,2013,7,14,6
4033,1,Spring,2006,7,10,7
581,1,Fall,2005,11,4,3
581,2,Fall,2014,11,1,2
4034,1,Fall,2005,7,1,2
4034,2,Spring,2005,7,15,14
582,1,Spring,2013,2,2,3
582,2,Fall,2008,2,3,12
4035,1,Spring,2008,19,7,15
4036,1,Fall,2003,18,3,3
4036,2,Spring,2000,18,12,15
583,1,Spring,2009,19,4,1
583,2,Spring,2013,19,10,13
4037,1,Fall,2008,11,4,12
584,1,Spring,2004,7,13,1
585,1,Spring,2010,19,4,16
585,2,Spring,2012,19,5,16
4038,1,Fall,2015,19,7,7
586,1,Spring,2006,11,1,3
4039,1,Fall,2001,11,6,7
587,1,Fall,2014,19,7,1
587,2,Fall,2006,19,10,10
4040,1,Fall,2000,11,3,5
588,1,Spring,2013,7,13,9
588,2,Fall,2015,7,6,10
4041,1,Fall,2001,11,3,1
589,1,Spring,2004,2,5,7
589,2,Spring,2014,2,1,10
4042,1,Spring,2010,18,13,12
590,1,Spring,2000,11,5,14
4043,1,Fall,2002,18,18,7
591,1,Spring,2009,11,3,1
4044,1,Fall,2015,19,12,6
4044,2,Spring,2007,19,5,14
4045,1,Fall,2010,11,6,6
592,1,Spring,2009,7,4,6
592,2,Spring,2005,7,6,12
4046,1,Spring,2001,19,12,3
593,1,Fall,2004,2,2,12
4047,1,Fall,2012,7,7,15
594,1,Spring,2003,19,5,15
594,2,Spring,2006,19,8,11
4048,1,Spring,2005,10,11,12
4048,2,Spring,2002,10,13,11
595,1,Fall,2009,2,4,1
4049,1,Fall,2009,10,10,4
4049,2,Fall,2009,10,8,4
596,1,Fall,2008,2,5,4
596,2,Fall,2002,2,4,4
4050,1,Spring,2001,10,2,8
597,1,Spring,2015,18,6,11
4051,1,Spring,2001,18,8,14
4051,2,Spring,2012,18,23,7
598,1,Spring,2000,11,5,11
598,2,Fall,2004,11,5,9
4052,1,Spring,2003,19,7,2
599,1,Fall,2008,19,4,5
599,2,Spring,2001,19,11,10
4053,1,Spring,2014,19,11,15
4053,2,Fall,2014,19,8,14
600,1,Spring,2014,19,11,8
600,2,Spring,2015,19,6,6
4054,1,Fall,2011,18,10,12
4054,2,Fall,2000,18,22,4
601,1,Fall,2003,2,1,10
4055,1,Spring,2004,10,10,11
4055,2,Fall,2004,10,1,7
602,1,Fall,2009,10,5,8
602,2,Spring,2014,10,4,12
4056,1,Spring,2015,10,6,14
603,1,Spring,2008,10,6,3
603,2,Fall,2013,10,5,5
4057,1,Fall,2011,11,6,16
4057,2,Fall,2010,11,1,13
604,1,Fall,2009,11,4,9
604,2,Spring,2005,11,5,2
4058,1,Fall,2011,10,10,3
4058,2,Spring,2001,10,4,6
605,1,Fall,2000,19,9,7
605,2,Fall,2003,19,8,9
4059,1,Spring,2003,7,6,14
606,1,Fall,2009,10,1,14
4060,1,Spring,2000,19,2,16
4060,2,Spring,2005,19,7,15
607,1,Spring,2011,7,16,7
607,2,Spring,2003,7,14,6
608,1,Fall,2008,18,26,10
608,2,Fall,2012,18,15,9
4061,1,Spring,2006,7,6,7
4061,2,Spring,2014,7,14,16
4062,1,Spring,2013,18,14,4
609,1,Fall,2007,2,2,13
609,2,Spring,2012,2,3,15
4063,1,Fall,2002,10,8,4
610,1,Spring,2005,10,12,13
4064,1,Spring,2000,18,6,5
611,1,Fall,2000,10,7,12
4065,1,Fall,2005,2,6,8
4065,2,Spring,2013,2,2,5
612,1,Fall,2009,10,7,13
4066,1,Fall,2007,11,4,3
4066,2,Fall,2015,11,2,12
613,1,Spring,2005,19,4,10
4067,1,Spring,2015,7,8,13
614,1,Spring,2000,19,10,13
614,2,Spring,2007,19,1,6
4068,1,Fall,2003,18,19,16
4068,2,Fall,2014,18,10,7
615,1,Fall,2011,18,26,6
616,1,Spring,2003,11,6,16
616,2,Spring,2004,11,2,1
4069,1,Fall,2012,10,3,10
617,1,Fall,2006,11,4,14
617,2,Spring,2005,11,2,5
4070,1,Spring,2006,11,4,9
4070,2,Fall,2003,11,6,11
618,1,Spring,2004,10,9,6
618,2,Spring,2000,10,9,11
4071,1,Spring,2006,18,26,7
4071,2,Spring,2001,18,19,5
619,1,Fall,2014,18,8,16
619,2,Fall,2002,18,2,6
620,1,Fall,2015,7,5,11
4072,1,Spring,2009,10,10,8
4073,1,Spring,2012,7,2,3
4073,2,Spring,2012,7,5,6
621,1,Fall,2000,2,1,11
4074,1,Fall,2000,19,11,1
622,1,Fall,2007,19,11,11
622,2,Fall,2005,19,8,5
4075,1,Fall,2009,10,4,15
4075,2,Fall,2004,10,5,4
623,1,Spring,2006,2,2,15
623,2,Spring,2004,2,2,13
4076,1,Fall,2000,2,3,1
624,1,Spring,2004,2,3,5
4077,1,Fall,2006,2,2,5
625,1,Spring,2011,18,27,7
4078,1,Spring,2000,19,8,11
4078,2,Fall,2003,19,3,5
626,1,Spring,2013,11,5,11
4079,1,Spring,2004,11,6,16
627,1,Fall,2005,2,1,14
627,2,Fall,2012,2,6,16
4080,1,Spring,2012,2,3,9
4080,2,Spring,2010,2,2,5
628,1,Fall,2013,2,1,12
628,2,Spring,2000,2,5,16
4081,1,Fall,2014,11,6,13
4081,2,Spring,2002,11,3,8
629,1,Spring,2000,7,19,11
629,2,Spring,2014,7,19,5
4082,1,Fall,2000,11,2,8
630,1,Fall,2000,19,11,13
4083,1,Spring,2009,19,12,3
4083,2,Spring,2009,19,3,14
631,1,Fall,2000,11,3,1
631,2,Spring,2010,11,6,16
4084,1,Spring,2010,10,9,12
632,1,Spring,2013,10,12,13
4085,1,Fall,2000,10,2,11
633,1,Spring,2002,7,18,15
4086,1,Spring,2006,19,10,7
4086,2,Fall,2005,19,4,7
634,1,Fall,2004,7,8,5
634,2,Spring,2015,7,1,15
4087,1,Spring,2006,2,4,9
635,1,Spring,2010,2,4,7
635,2,Fall,2011,2,2,14
4088,1,Fall,2000,19,12,14
636,1,Spring,2014,11,6,6
4089,1,Spring,2015,7,15,15
637,1,Fall,2007,11,1,3
4090,1,Fall,2012,11,2,5
638,1,Fall,2012,2,4,16
4091,1,Fall,2012,18,24,14
4091,2,Fall,2007,18,21,15
639,1,Spring,2005,2,5,14
639,2,Fall,2009,2,4,9
640,1,Fall,2014,18,17,7
4092,1,Fall,2000,19,3,5
641,1,Fall,2009,10,2,14
4093,1,Spring,2000,10,11,1
642,1,Fall,2014,18,1,11
642,2,Spring,2006,18,15,14
4094,1,Spring,2008,7,12,7
643,1,Spring,2003,7,6,1
643,2,Spring,2010,7,8,7
4095,1,Spring,2012,19,6,15
4095,2,Spring,2014,19,8,2
644,1,Spring,2012,7,9,2
4096,1,Spring,2015,11,3,8
4096,2,Fall,2001,11,2,8
645,1,Fall,2014,19,3,13
4097,1,Spring,2001,11,2,15
4097,2,Fall,2015,11,2,4
646,1,Fall,2003,11,6,8
4098,1,Fall,2011,7,15,7
4098,2,Spring,2015,7,10,3
647,1,Fall,2005,10,6,16
648,1,Spring,2004,7,12,7
4099,1,Fall,2002,11,6,6
4100,1,Fall,2013,18,25,11
4100,2,Fall,2015,18,12,2
649,1,Spring,2006,7,7,2
649,2,Fall,2003,7,5,2
4101,1,Fall,2012,19,10,10
650,1,Spring,2002,18,18,15
4102,1,Fall,2013,10,13,14
651,1,Fall,2008,18,25,12
4103,1,Fall,2009,2,3,14
4103,2,Fall,2005,2,2,2
652,1,Spring,2013,10,12,14
4104,1,Spring,2012,7,5,6
4104,2,Fall,2010,7,7,3
653,1,Fall,2001,18,8,2
653,2,Fall,2013,18,1,15
654,1,Fall,2000,18,9,16
654,2,Spring,2014,18,4,7
4105,1,Fall,2000,18,2,6
655,1,Fall,2002,18,19,7
655,2,Spring,2001,18,15,13
4106,1,Fall,2011,18,24,13
4106,2,Spring,2004,18,14,12
656,1,Fall,2002,19,9,3
4107,1,Spring,2006,18,18,15
657,1,Spring,2011,11,2,6
4108,1,Fall,2012,10,4,2
658,1,Spring,2008,10,9,6
4109,1,Fall,2014,18,4,14
659,1,Fall,2011,11,4,13
659,2,Fall,2007,11,2,12
4110,1,Spring,2003,10,2,5
4110,2,Fall,2007,10,7,4
660,1,Spring,2002,7,11,6
660,2,Fall,2008,7,15,10
4111,1,Spring,2011,19,4,10
4111,2,Spring,2001,19,8,15
661,1,Fall,2001,18,25,14
661,2,Fall,2012,18,9,14
4112,1,Spring,2003,7,19,10
4112,2,Fall,2003,7,18,2
4113,1,Fall,2015,2,6,1
4114,1,Fall,2013,2,5,16
4115,1,Spring,2000,10,3,1
4116,1,Fall,2014,11,5,7
4116,2,Fall,2008,11,3,2
4117,1,Fall,2002,2,1,13
4117,2,Spring,2002,2,5,10
4118,1,Spring,2011,7,5,1
4118,2,Spring,2013,7,15,1
4119,1,Fall,2005,7,11,3
4120,1,Fall,2007,19,3,13
4121,1,Spring,2013,10,1,12
4121,2,Fall,2011,10,1,14
4122,1,Fall,2000,7,6,5
4122,2,Spring,2015,7,2,8
4123,1,Spring,2008,11,4,4
4123,2,Fall,2003,11,3,2
4124,1,Fall,2005,10,1,14
4125,1,Fall,2006,19,12,5
4126,1,Fall,2015,10,7,11
4126,2,Spring,2004,10,8,16
4127,1,Spring,2002,10,7,2
4127,2,Fall,2001,10,4,12
4128,1,Spring,2002,2,3,11
4129,1,Fall,2015,11,1,10
4129,2,Spring,2004,11,1,10
4130,1,Fall,2009,10,13,3
4130,2,Spring,2002,10,5,3
4131,1,Fall,2000,10,1,14
4132,1,Fall,2002,11,4,6
4132,2,Fall,2004,11,1,9
4133,1,Spring,2000,7,17,14
4134,1,Fall,2011,10,1,15
4135,1,Spring,2001,7,4,16
4135,2,Spring,2007,7,11,9
4136,1,Fall,2005,10,10,11
4136,2,Fall,2000,10,9,15
4137,1,Spring,2012,7,10,16
4137,2,Spring,2012,7,17,15
4138,1,Spring,2014,7,5,13
4138,2,Fall,2006,7,19,16
4139,1,Fall,2006,18,25,5
4140,1,Spring,2006,19,8,15
4141,1,Spring,2006,11,2,11
4141,2,Spring,2005,11,1,7
4142,1,Fall,2009,19,7,12
4143,1,Fall,2005,7,10,14
4144,1,Fall,2006,10,9,2
4144,2,Fall,2003,10,8,7
4145,1,Spring,2008,7,13,1
4146,1,Fall,2011,11,2,15
4146,2,Spring,2008,11,3,13
4147,1,Spring,2002,18,20,4
4148,1,Fall,2009,10,3,2
4148,2,Spring,2011,10,3,6
4149,1,Fall,2001,10,2,10
4150,1,Fall,2002,19,8,6
4151,1,Spring,2007,19,5,5
4152,1,Fall,2004,7,17,13
4153,1,Fall,2011,11,3,11
4154,1,Spring,2006,7,15,4
4154,2,Fall,2001,7,7,7
4155,1,Fall,2000,18,26,8
4155,2,Spring,2007,18,10,4
4156,1,Spring,2010,18,14,6
4157,1,Spring,2007,18,4,12
4157,2,Spring,2014,18,13,2
4158,1,Fall,2013,10,10,9
4159,1,Spring,2014,11,2,1
4159,2,Spring,2014,11,2,7
4160,1,Spring,2014,7,1,5
4161,1,Fall,2008,10,10,7
4162,1,Fall,2010,19,12,12
4162,2,Spring,2002,19,10,9
4163,1,Fall,2008,11,3,4
4164,1,Spring,2013,11,4,5
4164,2,Spring,2001,11,6,6
4165,1,Spring,2011,11,3,15
4165,2,Spring,2006,11,3,4
4166,1,Spring,2015,19,1,15
4166,2,Spring,2011,19,10,3
4167,1,Fall,2013,18,25,16
4167,2,Fall,2014,18,24,11
4168,1,Fall,2005,18,3,7
4168,2,Fall,2001,18,4,8
4169,1,Fall,2010,19,10,1
4169,2,Spring,2015,19,9,3
4170,1,Fall,2010,2,4,5
4170,2,Fall,2002,2,3,14
4171,1,Spring,2002,18,3,10
4172,1,Spring,2000,7,11,13
4173,1,Spring,2009,18,1,8
4173,2,Fall,2000,18,23,8
4174,1,Spring,2009,2,3,11
4175,1,Fall,2014,19,2,16
4175,2,Fall,2001,19,7,7
4176,1,Spring,2010,2,3,2
4176,2,Fall,2010,2,4,1
4177,1,Fall,2009,18,22,13
4178,1,Fall,2001,10,6,5
4178,2,Spring,2003,10,10,4
4179,1,Spring,2007,18,25,2
4180,1,Spring,2009,7,17,1
4181,1,Fall,2008,10,6,6
4182,1,Spring,2008,18,3,7
4183,1,Spring,2014,11,5,16
4184,1,Spring,2009,19,1,5
4184,2,Fall,2001,19,10,9
4185,1,Spring,2009,18,18,5
4186,1,Fall,2012,18,14,5
4187,1,Fall,2000,11,2,11
4187,2,Spring,2015,11,4,1
4188,1,Spring,2011,18,10,8
4189,1,Spring,2000,7,2,1
4189,2,Fall,2007,7,1,1
4190,1,Fall,2003,19,7,6
4191,1,Fall,2000,2,5,2
4192,1,Spring,2000,19,10,7
4192,2,Fall,2003,19,12,2
4193,1,Fall,2013,18,7,8
4194,1,Fall,2013,7,9,12
4194,2,Spring,2006,7,1,11
4195,1,Spring,2000,11,3,9
4195,2,Fall,2011,11,2,4
4196,1,Spring,2006,7,11,12
4197,1,Fall,2008,11,2,16
4197,2,Fall,2004,11,6,12
4198,1,Spring,2015,2,6,12
4198,2,Fall,2009,2,2,11
4199,1,Spring,2009,11,2,7
4199,2,Spring,2006,11,2,4
4200,1,Fall,2014,19,6,8
4201,1,Spring,2013,2,4,9
4201,2,Fall,2013,2,3,3
4202,1,Fall,2011,10,2,13
4203,1,Fall,2007,11,6,11
4203,2,Fall,2001,11,4,9
4204,1,Spring,2015,10,2,7
4204,2,Spring,2004,10,12,7
4205,1,Fall,2005,18,12,3
4206,1,Fall,2005,10,4,3
4206,2,Spring,2009,10,11,8
4207,1,Fall,2002,11,2,3
4207,2,Spring,2011,11,5,4
4208,1,Fall,2001,11,3,15
4208,2,Fall,2008,11,2,2
4209,1,Spring,2014,19,4,9
4209,2,Spring,2006,19,1,16
4210,1,Spring,2008,18,3,2
4210,2,Spring,2008,18,10,14
4211,1,Fall,2001,10,10,15
4211,2,Spring,2013,10,9,5
4212,1,Spring,2008,2,6,16
4212,2,Fall,2006,2,3,8
4213,1,Spring,2001,19,11,14
4213,2,Spring,2002,19,9,11
4214,1,Fall,2005,2,6,11
4215,1,Fall,2002,2,6,14
4215,2,Fall,2013,2,1,8
4216,1,Fall,2013,19,10,12
4217,1,Fall,2011,2,4,6
4218,1,Fall,2015,10,11,3
4219,1,Fall,2008,11,2,12
4220,1,Spring,2015,19,1,10
4220,2,Fall,2006,19,10,13
4221,1,Spring,2011,10,6,6
4221,2,Fall,2002,10,8,2
4222,1,Spring,2005,10,9,1
4222,2,Spring,2004,10,8,10
4223,1,Fall,2008,10,1,6
4224,1,Fall,2004,10,4,12
4224,2,Spring,2000,10,4,14
4225,1,Spring,2007,2,2,8
4226,1,Spring,2006,2,6,11
4227,1,Fall,2005,2,3,11
4227,2,Fall,2003,2,5,15
4228,1,Spring,2014,2,4,1
4228,2,Fall,2012,2,1,3
4229,1,Fall,2003,18,25,9
4230,1,Spring,2013,2,1,3
4230,2,Spring,2003,2,5,9
4231,1,Spring,2012,7,12,4
4231,2,Spring,2012,7,6,14
4232,1,Fall,2004,7,8,1
4232,2,Fall,2006,7,16,13
4233,1,Spring,2015,7,12,16
4233,2,Fall,2001,7,9,16
4234,1,Spring,2008,7,13,7
4235,1,Fall,2014,18,24,6
4235,2,Spring,2014,18,25,11
4236,1,Spring,2012,7,9,16
4236,2,Spring,2006,7,13,9
4237,1,Fall,2014,19,12,1
4238,1,Fall,2000,7,7,1
4238,2,Fall,2009,7,6,9
4239,1,Spring,2012,2,3,7
4239,2,Fall,2005,2,1,5
4240,1,Fall,2004,18,13,11
4240,2,Fall,2012,18,1,11
4241,1,Spring,2003,2,3,9
4242,1,Fall,2012,7,9,4
4242,2,Fall,2014,7,6,4
4243,1,Fall,2014,2,4,1
4244,1,Spring,2010,19,4,2
4244,2,Spring,2007,19,6,15
4245,1,Fall,2011,10,10,5
4245,2,Fall,2001,10,4,10
4246,1,Fall,2006,7,9,7
4247,1,Spring,2000,10,4,7
4248,1,Fall,2007,19,2,15
4248,2,Spring,2008,19,10,13
4249,1,Fall,2002,11,6,13
4250,1,Spring,2008,7,16,8
4251,1,Fall,2006,18,19,9
4252,1,Spring,2000,2,5,3
4253,1,Fall,2003,10,12,4
4253,2,Spring,2000,10,9,16
4254,1,Fall,2008,18,17,11
4254,2,Spring,2001,18,14,14
4255,1,Fall,2010,7,10,7
4256,1,Spring,2010,11,2,1
4256,2,Fall,2015,11,6,2
4257,1,Fall,2012,19,9,12
4257,2,Spring,2011,19,11,11
4258,1,Spring,2011,2,6,10
4259,1,Spring,2002,18,11,10
4260,1,Fall,2000,11,2,9
4260,2,Spring,2009,11,6,8
4261,1,Spring,2013,7,15,5
4261,2,Spring,2013,7,17,5
4262,1,Spring,2000,10,11,5
4263,1,Spring,2001,11,4,9
4264,1,Spring,2002,2,5,15
4265,1,Spring,2008,18,17,15
4266,1,Spring,2015,11,4,1
4266,2,Spring,2009,11,3,13
4267,1,Spring,2004,18,14,7
4268,1,Spring,2011,7,19,14
4269,1,Spring,2007,11,5,5
4270,1,Fall,2014,19,4,8
4270,2,Fall,2012,19,8,7
4271,1,Fall,2009,7,3,12
4272,1,Fall,2014,19,5,15
4272,2,Spring,2012,19,6,11
4273,1,Spring,2001,19,1,13
4274,1,Spring,2001,19,8,14
4275,1,Fall,2012,19,10,4
4275,2,Spring,2011,19,6,13
4276,1,Spring,2009,18,2,6
4276,2,Fall,2005,18,6,7
4277,1,Fall,2005,2,6,2
4278,1,Spring,2008,11,5,10
4278,2,Fall,2006,11,3,16
4279,1,Spring,2008,10,12,16
4280,1,Fall,2010,10,5,16
4281,1,Spring,2009,19,8,10
4281,2,Spring,2010,19,12,6
4282,1,Spring,2010,2,6,7
4283,1,Fall,2010,7,4,6
4284,1,Fall,2011,11,1,4
4284,2,Spring,2014,11,3,6
4285,1,Fall,2003,19,12,8
4286,1,Spring,2010,19,2,5
4286,2,Spring,2005,19,2,16
4287,1,Fall,2014,19,3,9
4288,1,Spring,2011,11,5,11
4288,2,Fall,2012,11,6,4
4289,1,Fall,2004,7,13,16
4289,2,Spring,2002,7,17,13
4290,1,Fall,2007,10,2,10
4290,2,Spring,2001,10,3,9
4291,1,Fall,2003,18,26,13
4292,1,Spring,2005,2,6,6
4293,1,Spring,2009,18,24,4
4293,2,Fall,2003,18,19,13
4294,1,Fall,2003,2,6,9
4294,2,Fall,2002,2,5,10
4295,1,Fall,2000,18,9,3
4295,2,Spring,2000,18,16,16
4296,1,Spring,2012,10,4,10
4296,2,Spring,2014,10,13,6
4297,1,Spring,2005,10,7,4
4297,2,Fall,2003,10,13,9
4298,1,Spring,2012,11,6,6
4299,1,Fall,2006,19,4,11
4299,2,Fall,2005,19,7,3
4300,1,Spring,2013,18,1,15
4300,2,Spring,2002,18,14,5
4301,1,Spring,2014,10,4,3
4301,2,Spring,2003,10,1,3
4302,1,Fall,2008,7,6,4
4302,2,Spring,2011,7,17,2
4303,1,Fall,2013,18,18,10
4303,2,Fall,2014,18,8,15
4304,1,Fall,2012,2,4,13
4305,1,Spring,2001,7,3,9
4306,1,Spring,2000,18,24,15
4307,1,Spring,2002,7,14,3
4307,2,Spring,2009,7,1,4
4308,1,Spring,2001,2,4,4
4309,1,Spring,2003,11,6,3
4310,1,Spring,2015,19,11,16
4311,1,Fall,2015,2,2,9
4312,1,Spring,2015,10,4,10
4312,2,Fall,2000,10,9,12
4313,1,Spring,2007,10,8,3
4313,2,Fall,2014,10,8,10
4314,1,Fall,2002,18,18,12
4314,2,Fall,2015,18,2,3
4315,1,Spring,2001,19,12,8
4316,1,Fall,2014,2,1,4
4317,1,Spring,2012,18,19,10
4318,1,Fall,2001,18,17,5
4318,2,Spring,2009,18,12,4
4319,1,Spring,2004,7,4,14
4319,2,Fall,2010,7,16,3
4320,1,Fall,2001,2,2,2
4321,1,Fall,2008,10,2,10
4321,2,Spring,2004,10,1,8
4322,1,Spring,2014,7,14,6
4322,2,Spring,2014,7,5,1
4323,1,Fall,2011,18,25,15
4323,2,Spring,2008,18,23,14
4324,1,Fall,2015,7,16,3
4325,1,Fall,2008,10,6,12
4326,1,Spring,2008,11,3,5
4327,1,Spring,2006,7,4,7
4328,1,Spring,2002,11,1,6
4328,2,Fall,2011,11,4,14
4329,1,Fall,2004,18,5,16
4329,2,Fall,2007,18,11,3
4330,1,Spring,2011,10,1,12
4331,1,Fall,2010,7,11,3
4332,1,Fall,2012,2,4,8
4332,2,Fall,2004,2,3,13
4333,1,Fall,2011,19,11,11
4334,1,Fall,2010,11,1,3
4334,2,Spring,2007,11,2,14
4335,1,Fall,2002,10,4,13
4336,1,Fall,2009,10,2,9
4337,1,Spring,2010,18,7,3
4338,1,Spring,2012,7,17,9
4338,2,Spring,2012,7,9,9
4339,1,Spring,2015,7,12,7
4340,1,Spring,2006,10,12,15
4340,2,Spring,2014,10,4,11
4341,1,Spring,2002,19,8,15
4341,2,Spring,2012,19,5,9
4342,1,Fall,2005,11,6,11
4342,2,Fall,2014,11,2,5
4343,1,Fall,2005,11,5,9
4343,2,Spring,2002,11,2,14
4344,1,Fall,2009,2,6,13
4344,2,Spring,2003,2,6,8
4345,1,Spring,2006,11,2,11
4346,1,Fall,2010,10,11,13
4346,2,Spring,2014,10,8,8
4347,1,Fall,2010,11,2,3
4347,2,Fall,2013,11,4,15
4348,1,Fall,2012,11,3,13
4349,1,Fall,2008,10,3,2
4349,2,Spring,2003,10,2,3
4350,1,Fall,2003,7,5,5
4350,2,Fall,2001,7,14,3
4351,1,Spring,2008,7,11,5
4352,1,Fall,2014,19,4,10
4352,2,Spring,2013,19,4,15
4353,1,Fall,2001,11,6,7
4353,2,Spring,2013,11,3,10
4354,1,Spring,2013,19,4,2
4354,2,Spring,2001,19,3,8
4355,1,Fall,2014,11,4,12
4356,1,Spring,2008,2,1,1
4356,2,Fall,2006,2,5,14
4357,1,Spring,2001,2,2,7
4358,1,Spring,2007,18,26,16
4359,1,Spring,2013,2,2,5
4360,1,Fall,2014,18,25,8
4361,1,Spring,2000,10,10,8
4361,2,Fall,2001,10,10,7
4362,1,Fall,2012,11,2,2
4362,2,Fall,2004,11,5,2
4363,1,Spring,2009,18,15,10
4364,1,Fall,2009,10,10,8
4365,1,Spring,2004,10,11,15
4365,2,Fall,2000,10,11,15
4366,1,Spring,2006,10,2,10
4367,1,Fall,2004,7,12,5
4367,2,Spring,2014,7,17,10
1502,1,Fall,2007,11,4,9
1503,1,Spring,2012,7,2,10
1503,2,Spring,2002,7,14,2
1504,1,Fall,2003,19,3,12
1504,2,Fall,2007,19,1,7
1505,1,Spring,2007,7,14,16
1505,2,Fall,2015,7,19,6
1506,1,Fall,2007,11,3,8
1506,2,Spring,2002,11,2,1
1507,1,Fall,2010,7,11,6
1507,2,Fall,2013,7,8,5
1508,1,Spring,2002,11,3,11
1508,2,Spring,2007,11,4,6
1509,1,Fall,2004,18,22,3
1509,2,Spring,2004,18,8,9
1510,1,Fall,2012,10,7,10
1510,2,Fall,2013,10,13,3
1511,1,Fall,2008,18,2,15
1512,1,Spring,2006,19,3,3
1513,1,Spring,2007,2,1,15
1513,2,Spring,2009,2,5,10
1514,1,Fall,2011,11,1,10
1515,1,Spring,2012,10,10,13
1516,1,Fall,2014,7,16,6
1516,2,Fall,2013,7,6,11
1517,1,Spring,2001,19,11,6
1518,1,Fall,2004,11,6,3
1518,2,Fall,2002,11,4,7
1519,1,Spring,2013,18,13,5
1519,2,Fall,2008,18,6,13
1520,1,Spring,2003,18,14,6
1521,1,Spring,2007,10,5,1
1522,1,Fall,2010,11,2,4
1522,2,Fall,2008,11,2,16
1523,1,Spring,2009,19,1,8
1523,2,Fall,2013,19,6,1
1524,1,Fall,2011,18,2,11
1525,1,Spring,2000,2,5,11
1525,2,Spring,2010,2,5,3
1526,1,Spring,2007,7,1,10
1527,1,Spring,2005,10,5,6
1527,2,Fall,2014,10,5,5
1528,1,Fall,2004,2,2,14
1529,1,Fall,2001,11,2,8
1529,2,Fall,2004,11,1,2
1530,1,Spring,2004,11,5,5
1530,2,Spring,2013,11,3,9
1531,1,Fall,2003,11,4,10
1532,1,Fall,2002,2,6,16
1533,1,Fall,2003,2,2,11
1534,1,Spring,2006,11,1,15
1535,1,Fall,2010,7,12,3
1535,2,Spring,2000,7,2,7
1536,1,Spring,2005,7,5,8
1536,2,Fall,2010,7,6,5
1537,1,Spring,2011,2,3,14
1538,1,Fall,2003,10,4,9
1539,1,Fall,2005,10,11,5
1539,2,Fall,2001,10,2,12
1540,1,Spring,2006,18,13,6
1541,1,Fall,2003,19,9,14
1542,1,Spring,2008,7,17,1
1543,1,Spring,2003,10,1,8
1544,1,Spring,2007,18,3,16
1544,2,Fall,2003,18,23,11
1545,1,Spring,2012,11,3,5
1546,1,Fall,2008,11,3,13
1546,2,Spring,2009,11,2,15
1547,1,Fall,2000,10,13,7
1548,1,Spring,2015,18,26,13
1549,1,Spring,2011,11,1,9
1549,2,Spring,2003,11,3,8
1550,1,Fall,2008,19,11,13
1550,2,Fall,2013,19,7,14
1551,1,Spring,2002,7,17,15
1552,1,Spring,2002,19,6,15
1553,1,Spring,2012,11,1,2
1554,1,Fall,2014,7,15,11
1555,1,Fall,2010,18,4,7
1555,2,Spring,2013,18,16,5
1556,1,Spring,2015,11,5,11
1556,2,Spring,2007,11,3,5
1557,1,Fall,2000,7,13,3
1557,2,Spring,2008,7,10,4
1558,1,Spring,2009,2,4,6
1558,2,Spring,2007,2,4,13
1559,1,Spring,2009,2,4,8
1559,2,Fall,2009,2,4,12
1560,1,Fall,2004,2,5,6
1560,2,Fall,2011,2,1,1
1561,1,Fall,2010,10,3,16
1562,1,Fall,2002,2,3,5
1562,2,Fall,2005,2,3,2
1563,1,Spring,2008,2,5,15
1564,1,Spring,2006,7,14,14
1565,1,Fall,2001,2,6,16
1565,2,Fall,2014,2,2,6
1566,1,Spring,2000,19,3,11
1566,2,Fall,2007,19,8,11
1567,1,Fall,2014,19,12,15
1568,1,Spring,2008,2,5,7
1569,1,Spring,2004,10,9,11
1570,1,Spring,2008,18,6,16
1570,2,Fall,2003,18,20,7
1571,1,Fall,2006,2,2,3
1572,1,Fall,2009,19,10,4
1572,2,Fall,2015,19,5,12
1573,1,Spring,2010,11,1,11
1574,1,Fall,2004,7,11,14
1575,1,Spring,2013,18,5,6
1575,2,Spring,2012,18,11,13
1576,1,Fall,2014,7,12,8
1577,1,Fall,2000,11,6,5
1577,2,Spring,2013,11,5,6
1578,1,Fall,2005,19,10,15
1578,2,Fall,2010,19,1,5
1579,1,Spring,2012,18,26,6
1579,2,Spring,2015,18,5,4
1580,1,Fall,2009,11,4,10
1581,1,Spring,2013,19,9,3
1582,1,Fall,2008,11,5,16
1582,2,Spring,2002,11,3,3
1583,1,Spring,2001,11,3,5
1584,1,Fall,2001,10,11,1
1584,2,Fall,2015,10,10,11
1585,1,Spring,2011,11,6,4
1586,1,Fall,2002,7,6,2
1587,1,Spring,2014,18,13,8
1587,2,Fall,2010,18,5,15
1588,1,Spring,2013,18,20,9
1589,1,Fall,2008,18,5,8
1589,2,Fall,2012,18,14,12
1590,1,Spring,2009,19,7,3
1590,2,Fall,2009,19,6,13
1591,1,Fall,2001,2,2,2
1591,2,Spring,2003,2,5,8
1592,1,Fall,2007,11,2,13
1593,1,Fall,2010,11,5,12
1594,1,Spring,2005,18,13,4
1595,1,Fall,2004,2,5,6
1596,1,Spring,2011,19,7,10
1596,2,Spring,2009,19,9,16
1597,1,Fall,2003,11,1,13
1598,1,Spring,2013,19,1,2
1598,2,Spring,2006,19,12,8
1599,1,Spring,2007,11,3,14
1600,1,Fall,2013,2,5,7
1600,2,Fall,2012,2,6,1
1601,1,Spring,2012,7,7,14
1601,2,Fall,2012,7,1,2
1602,1,Spring,2002,11,3,15
1602,2,Fall,2015,11,6,5
1603,1,Spring,2012,18,20,5
1603,2,Fall,2002,18,14,16
1604,1,Fall,2010,10,13,5
1605,1,Fall,2011,7,2,15
1605,2,Fall,2003,7,12,12
1606,1,Fall,2003,11,4,15
1606,2,Fall,2007,11,1,8
1607,1,Fall,2004,19,4,7
1608,1,Fall,2006,19,4,1
1609,1,Fall,2007,19,6,5
1609,2,Fall,2000,19,11,3
1610,1,Fall,2009,2,1,12
1611,1,Fall,2008,7,17,9
1612,1,Spring,2001,7,18,10
1613,1,Spring,2006,18,10,7
1614,1,Spring,2001,2,3,3
1614,2,Fall,2002,2,1,11
1615,1,Fall,2007,10,6,12
1616,1,Fall,2006,7,1,8
1617,1,Spring,2004,19,7,13
1618,1,Spring,2005,10,7,1
1618,2,Fall,2000,10,6,9
1619,1,Fall,2008,7,12,8
1620,1,Fall,2003,19,7,14
1620,2,Spring,2002,19,8,1
1621,1,Spring,2006,2,4,13
1621,2,Spring,2015,2,6,7
1622,1,Spring,2002,7,4,7
1623,1,Fall,2001,2,6,14
1623,2,Spring,2009,2,4,13
1624,1,Spring,2003,18,11,1
1624,2,Spring,2000,18,17,5
1625,1,Spring,2010,2,5,8
1625,2,Spring,2012,2,4,2
1626,1,Spring,2002,2,3,15
1627,1,Spring,2007,11,3,12
1627,2,Fall,2008,11,1,10
1628,1,Spring,2009,10,2,15
1629,1,Fall,2003,7,9,1
1629,2,Spring,2013,7,13,13
2541,1,Fall,2010,10,13,5
1630,1,Fall,2011,11,4,10
1630,2,Spring,2007,11,5,7
1631,1,Spring,2015,11,5,5
2542,1,Spring,2001,10,2,6
1632,1,Spring,2008,19,11,15
1632,2,Fall,2009,19,2,1
2543,1,Fall,2015,2,4,5
2543,2,Fall,2008,2,1,7
1633,1,Spring,2006,2,6,1
2544,1,Spring,2015,19,1,16
1634,1,Fall,2015,11,2,6
2545,1,Fall,2009,18,6,6
2545,2,Fall,2011,18,27,4
1635,1,Spring,2009,7,1,8
1635,2,Spring,2014,7,4,13
1636,1,Fall,2007,19,3,7
2546,1,Fall,2003,2,3,5
2546,2,Fall,2008,2,6,10
2547,1,Spring,2000,10,6,5
1637,1,Fall,2007,10,4,5
1637,2,Fall,2004,10,9,2
2548,1,Fall,2009,11,4,15
1638,1,Fall,2011,18,10,8
1638,2,Spring,2013,18,15,7
2549,1,Fall,2014,11,4,15
2549,2,Fall,2009,11,3,11
1639,1,Fall,2007,7,5,11
1639,2,Spring,2009,7,19,5
2550,1,Fall,2015,11,1,9
1640,1,Fall,2002,2,6,1
2551,1,Fall,2012,19,8,6
2551,2,Spring,2012,19,9,15
1641,1,Spring,2014,10,6,1
1641,2,Fall,2010,10,11,2
2552,1,Fall,2007,10,13,3
2552,2,Spring,2011,10,6,13
1642,1,Fall,2011,10,5,12
1642,2,Fall,2011,10,11,1
2553,1,Spring,2008,19,9,3
1643,1,Fall,2002,19,10,12
2554,1,Fall,2007,10,2,6
1644,1,Fall,2013,10,7,5
1644,2,Spring,2007,10,8,11
2555,1,Spring,2001,18,14,10
2555,2,Fall,2015,18,10,6
1645,1,Spring,2008,11,3,1
1645,2,Spring,2001,11,2,16
2556,1,Fall,2013,18,13,13
2556,2,Fall,2012,18,4,5
1646,1,Fall,2009,18,10,5
1646,2,Spring,2012,18,23,11
2557,1,Spring,2011,10,6,4
1647,1,Fall,2011,2,1,3
2558,1,Fall,2004,19,8,7
2558,2,Spring,2006,19,3,4
1648,1,Spring,2011,18,1,14
2559,1,Spring,2004,19,8,8
2559,2,Fall,2000,19,9,14
1649,1,Spring,2013,19,9,5
1649,2,Spring,2005,19,9,13
2560,1,Fall,2006,2,4,7
2560,2,Spring,2014,2,2,10
1650,1,Spring,2010,19,12,14
1650,2,Fall,2011,19,3,2
2561,1,Fall,2011,2,4,12
2561,2,Spring,2004,2,6,10
1651,1,Spring,2015,18,7,11
2562,1,Spring,2009,7,1,5
2562,2,Fall,2015,7,6,10
2563,1,Spring,2000,18,8,1
1652,1,Spring,2008,18,15,4
1652,2,Spring,2001,18,15,2
2564,1,Spring,2000,18,21,12
1653,1,Fall,2007,18,27,12
1653,2,Fall,2006,18,19,14
2565,1,Spring,2009,11,4,9
1654,1,Fall,2011,2,3,8
2566,1,Fall,2008,7,19,11
2566,2,Spring,2011,7,11,8
1655,1,Spring,2002,2,4,8
1655,2,Spring,2011,2,3,15
2567,1,Fall,2003,11,2,3
2567,2,Spring,2007,11,6,6
1656,1,Fall,2006,7,4,8
1656,2,Fall,2012,7,6,3
2568,1,Fall,2013,11,3,5
1657,1,Fall,2000,11,1,2
1657,2,Spring,2011,11,5,3
2569,1,Spring,2015,11,4,4
2569,2,Spring,2013,11,5,12
1658,1,Spring,2015,10,12,4
2570,1,Spring,2008,19,6,6
2570,2,Fall,2008,19,7,7
1659,1,Fall,2012,2,6,12
2571,1,Spring,2003,10,1,16
2571,2,Fall,2009,10,7,7
1660,1,Spring,2001,11,4,3
1660,2,Fall,2000,11,4,2
2572,1,Fall,2011,11,5,4
1661,1,Fall,2000,18,15,8
1661,2,Fall,2009,18,12,4
2573,1,Fall,2003,7,3,10
2573,2,Spring,2013,7,7,12
1662,1,Spring,2003,10,13,8
2574,1,Fall,2004,19,11,10
1663,1,Spring,2007,7,1,12
1663,2,Fall,2001,7,15,14
2575,1,Spring,2009,19,8,13
2575,2,Fall,2007,19,12,9
1664,1,Spring,2001,11,2,3
2576,1,Spring,2003,7,1,14
1665,1,Fall,2004,18,7,9
1665,2,Spring,2006,18,4,8
2577,1,Fall,2013,18,25,15
1666,1,Fall,2000,10,2,8
1666,2,Spring,2003,10,8,12
2578,1,Spring,2007,18,25,9
2579,1,Fall,2003,19,3,15
1667,1,Spring,2007,19,1,9
2052,1,Spring,2002,19,6,16
2052,2,Fall,2007,19,3,5
1668,1,Fall,2010,7,3,7
2053,1,Fall,2004,18,12,12
2053,2,Spring,2003,18,18,2
1669,1,Fall,2010,10,3,2
1669,2,Fall,2015,10,11,11
2054,1,Fall,2011,18,26,8
1670,1,Fall,2013,7,8,3
2055,1,Fall,2011,2,2,10
2055,2,Fall,2001,2,5,6
1671,1,Fall,2002,7,6,3
1671,2,Spring,2007,7,18,5
2056,1,Fall,2006,7,14,7
1672,1,Fall,2010,10,1,11
1672,2,Spring,2007,10,3,11
2057,1,Spring,2006,18,17,11
2057,2,Fall,2000,18,12,9
1673,1,Fall,2003,19,6,1
1673,2,Fall,2002,19,1,3
2058,1,Fall,2015,7,17,8
2058,2,Spring,2010,7,3,3
1674,1,Fall,2003,19,10,4
1674,2,Spring,2008,19,4,5
2059,1,Spring,2013,11,6,10
2059,2,Spring,2012,11,2,6
1675,1,Fall,2010,11,1,11
2060,1,Fall,2010,10,12,11
2060,2,Fall,2007,10,8,1
1676,1,Spring,2005,2,4,12
1676,2,Spring,2002,2,6,7
2061,1,Fall,2013,19,11,5
1677,1,Fall,2003,2,5,1
2062,1,Spring,2002,10,2,2
2062,2,Fall,2015,10,5,1
1678,1,Fall,2011,18,14,7
2063,1,Spring,2003,7,6,15
2063,2,Spring,2012,7,4,13
1679,1,Spring,2005,11,2,3
1679,2,Spring,2011,11,5,12
2064,1,Fall,2005,10,4,4
2064,2,Fall,2013,10,1,12
1680,1,Fall,2007,10,9,11
2065,1,Fall,2007,11,6,9
1681,1,Fall,2006,7,13,13
2066,1,Spring,2007,19,11,1
2066,2,Fall,2015,19,3,2
1682,1,Spring,2013,19,2,15
2067,1,Spring,2003,19,8,2
1683,1,Spring,2012,7,19,4
1683,2,Spring,2006,7,9,12
2068,1,Fall,2005,19,3,3
1684,1,Spring,2013,11,6,15
2069,1,Spring,2015,10,13,8
1685,1,Fall,2002,10,10,8
1685,2,Spring,2007,10,9,2
2070,1,Spring,2014,10,7,4
1686,1,Fall,2000,2,4,10
2071,1,Spring,2006,18,21,6
1687,1,Spring,2004,2,1,4
1687,2,Fall,2001,2,2,4
2072,1,Fall,2009,11,2,2
2072,2,Fall,2013,11,3,10
1688,1,Spring,2004,18,2,10
1688,2,Fall,2012,18,6,9
2073,1,Fall,2004,11,6,5
2073,2,Fall,2000,11,3,11
1689,1,Fall,2010,11,4,8
2074,1,Spring,2013,19,1,2
2074,2,Spring,2007,19,7,2
1690,1,Spring,2011,10,6,8
1690,2,Spring,2001,10,12,16
2075,1,Spring,2008,10,1,2
2075,2,Spring,2012,10,11,4
1691,1,Spring,2003,7,6,1
1691,2,Fall,2013,7,8,2
2076,1,Fall,2006,2,4,10
2076,2,Fall,2014,2,3,8
1692,1,Fall,2009,2,1,10
2077,1,Fall,2005,2,3,1
1693,1,Fall,2011,18,4,9
2078,1,Fall,2009,2,4,5
1694,1,Fall,2003,11,1,15
1694,2,Fall,2015,11,2,3
2079,1,Fall,2003,18,22,14
2079,2,Spring,2014,18,1,1
1695,1,Spring,2009,11,4,15
1695,2,Spring,2009,11,1,16
2080,1,Spring,2015,11,1,10
1696,1,Fall,2001,2,1,9
1696,2,Spring,2003,2,1,8
2081,1,Spring,2011,10,7,11
1697,1,Fall,2003,2,6,13
1697,2,Fall,2009,2,6,14
2082,1,Fall,2008,2,5,14
1698,1,Fall,2009,10,3,7
1698,2,Spring,2013,10,9,13
2083,1,Fall,2013,18,8,8
2083,2,Fall,2001,18,5,14
1699,1,Fall,2008,18,25,5
1699,2,Spring,2008,18,26,16
2084,1,Fall,2008,7,19,10
1700,1,Spring,2002,19,1,3
2085,1,Fall,2009,7,10,16
2085,2,Fall,2011,7,7,16
1701,1,Spring,2000,7,13,6
2086,1,Fall,2009,10,6,16
1702,1,Spring,2008,18,10,2
1702,2,Fall,2002,18,6,10
2087,1,Spring,2006,11,2,3
1703,1,Spring,2005,7,2,13
2088,1,Fall,2015,11,3,11
2089,1,Fall,2013,10,8,11
2089,2,Spring,2010,10,13,12
1704,1,Spring,2000,19,12,15
1704,2,Fall,2004,19,1,10
2090,1,Fall,2000,18,24,4
1705,1,Fall,2008,10,4,16
1705,2,Spring,2013,10,2,1
2091,1,Spring,2008,11,4,13
2091,2,Fall,2010,11,2,10
1706,1,Fall,2005,7,16,11
1706,2,Spring,2010,7,19,2
2092,1,Fall,2007,7,6,3
2092,2,Spring,2006,7,5,7
1707,1,Spring,2012,2,6,4
1707,2,Spring,2007,2,2,14
2093,1,Spring,2002,7,5,15
1708,1,Spring,2010,18,8,12
1708,2,Fall,2015,18,16,4
2094,1,Spring,2001,2,4,2
2094,2,Spring,2002,2,6,12
1709,1,Fall,2008,11,6,12
2095,1,Spring,2006,11,4,2
2095,2,Spring,2003,11,2,15
1710,1,Fall,2014,2,3,2
1710,2,Spring,2006,2,6,5
2096,1,Spring,2014,19,3,14
2096,2,Spring,2001,19,1,2
1711,1,Spring,2012,19,6,3
1711,2,Spring,2015,19,11,11
2097,1,Spring,2009,7,5,16
2097,2,Fall,2009,7,2,13
1712,1,Spring,2001,2,6,8
1712,2,Fall,2008,2,6,13
2098,1,Spring,2004,18,21,8
1713,1,Fall,2002,18,21,3
2099,1,Spring,2005,19,6,8
1714,1,Fall,2011,18,17,9
2100,1,Spring,2011,18,19,13
2100,2,Fall,2002,18,3,15
1715,1,Fall,2000,18,13,4
1715,2,Fall,2000,18,9,4
2101,1,Fall,2008,18,21,12
1716,1,Spring,2012,7,10,12
2102,1,Spring,2000,11,4,6
2102,2,Fall,2006,11,1,7
1717,1,Fall,2005,19,3,13
2103,1,Spring,2001,2,3,7
2103,2,Spring,2001,2,2,16
1718,1,Spring,2001,19,5,11
2104,1,Spring,2007,18,13,10
1719,1,Spring,2001,11,1,15
2105,1,Fall,2004,7,10,7
1720,1,Fall,2014,18,9,15
1720,2,Fall,2002,18,6,13
2106,1,Fall,2001,19,12,15
2106,2,Fall,2013,19,5,4
1721,1,Spring,2003,10,10,5
2107,1,Spring,2012,2,5,5
1722,1,Spring,2002,2,2,8
1722,2,Spring,2013,2,2,14
2108,1,Spring,2008,7,15,13
2108,2,Fall,2003,7,3,16
1723,1,Spring,2009,18,15,12
2109,1,Spring,2006,11,1,2
1724,1,Fall,2012,19,10,6
2110,1,Spring,2003,10,8,1
1725,1,Spring,2013,11,1,4
1725,2,Spring,2008,11,5,9
2111,1,Spring,2007,18,12,16
1726,1,Fall,2003,11,3,2
1726,2,Fall,2001,11,3,3
2112,1,Fall,2012,10,12,5
1727,1,Fall,2002,2,1,6
1727,2,Fall,2005,2,4,16
2113,1,Spring,2007,7,8,1
2113,2,Spring,2008,7,10,11
1728,1,Spring,2012,11,1,4
1728,2,Fall,2001,11,5,7
2114,1,Fall,2006,19,8,4
1729,1,Spring,2003,7,1,3
2115,1,Fall,2011,19,2,5
2115,2,Fall,2013,19,9,8
1730,1,Spring,2015,2,1,15
2116,1,Fall,2015,11,1,3
2116,2,Fall,2007,11,6,12
1731,1,Spring,2004,19,2,12
1731,2,Fall,2010,19,10,1
2117,1,Spring,2004,7,17,15
2117,2,Spring,2001,7,15,10
1732,1,Fall,2008,18,23,14
2118,1,Fall,2000,2,5,6
2118,2,Fall,2001,2,3,1
1733,1,Spring,2007,2,5,3
2119,1,Fall,2002,19,2,8
2119,2,Fall,2013,19,6,4
1734,1,Fall,2014,19,8,4
1734,2,Fall,2004,19,10,10
2120,1,Spring,2007,2,2,5
1735,1,Spring,2011,10,6,6
2121,1,Spring,2012,7,5,4
1736,1,Fall,2000,11,6,14
1736,2,Fall,2000,11,1,11
2122,1,Fall,2009,10,7,15
2122,2,Spring,2006,10,5,15
1737,1,Fall,2002,18,12,11
2123,1,Fall,2008,19,8,8
2123,2,Spring,2005,19,8,13
1738,1,Spring,2009,10,10,16
1738,2,Fall,2000,10,6,16
2124,1,Fall,2003,10,5,6
2124,2,Spring,2007,10,3,15
1739,1,Fall,2006,18,3,10
1739,2,Fall,2004,18,5,4
2125,1,Spring,2014,7,11,7
1740,1,Spring,2014,18,21,15
1740,2,Fall,2013,18,12,16
2126,1,Fall,2003,19,2,16
2126,2,Spring,2007,19,2,3
1741,1,Fall,2013,10,6,10
1741,2,Spring,2006,10,11,8
2127,1,Spring,2011,2,6,2
1742,1,Fall,2012,10,9,4
2128,1,Fall,2000,2,5,12
1743,1,Spring,2012,2,5,5
2129,1,Spring,2006,7,9,16
2129,2,Spring,2012,7,7,7
1744,1,Fall,2004,18,8,15
2130,1,Fall,2008,2,1,10
1745,1,Fall,2007,10,5,13
1745,2,Spring,2011,10,8,16
2131,1,Fall,2011,7,15,9
2131,2,Fall,2001,7,18,13
1746,1,Spring,2012,7,2,4
2132,1,Fall,2005,11,4,11
2132,2,Spring,2006,11,5,9
1747,1,Spring,2015,11,5,8
2133,1,Spring,2009,18,22,6
1748,1,Spring,2005,19,1,6
1748,2,Fall,2004,19,5,3
2134,1,Spring,2001,7,7,9
2134,2,Fall,2008,7,10,16
1749,1,Spring,2008,7,8,8
1749,2,Spring,2002,7,16,11
2135,1,Spring,2012,11,3,15
1750,1,Spring,2001,10,9,7
1750,2,Fall,2013,10,13,13
2136,1,Fall,2004,2,5,3
2136,2,Spring,2011,2,1,9
1751,1,Spring,2001,18,20,12
1751,2,Spring,2001,18,7,2
2137,1,Spring,2003,10,13,16
1752,1,Spring,2007,18,18,6
1752,2,Fall,2005,18,7,3
2138,1,Fall,2006,11,2,11
2138,2,Fall,2010,11,4,3
1753,1,Fall,2014,19,10,10
1753,2,Fall,2012,19,4,16
2139,1,Spring,2012,2,3,6
1754,1,Spring,2000,2,3,6
2140,1,Spring,2001,19,12,12
2140,2,Spring,2010,19,11,9
1755,1,Fall,2014,2,6,4
2141,1,Fall,2008,11,4,2
2141,2,Fall,2002,11,6,11
1756,1,Spring,2014,18,10,1
2142,1,Fall,2013,11,1,10
2142,2,Spring,2012,11,1,6
1757,1,Fall,2010,11,3,15
1757,2,Spring,2007,11,2,4
2143,1,Spring,2005,11,1,13
2143,2,Spring,2000,11,1,12
1758,1,Fall,2010,18,19,14
2144,1,Fall,2014,19,2,13
2144,2,Spring,2013,19,2,2
1759,1,Fall,2010,7,2,12
2145,1,Spring,2002,7,5,6
2145,2,Spring,2006,7,6,14
1760,1,Fall,2012,19,4,12
2146,1,Spring,2005,19,5,6
1761,1,Spring,2011,18,15,2
1761,2,Fall,2003,18,20,13
2147,1,Spring,2008,19,12,6
1762,1,Spring,2012,11,2,2
2148,1,Fall,2003,2,3,8
2148,2,Spring,2005,2,1,6
1763,1,Fall,2002,7,4,7
2149,1,Spring,2015,18,25,9
2149,2,Spring,2010,18,3,10
1764,1,Spring,2006,7,6,10
1764,2,Spring,2001,7,17,5
2150,1,Fall,2008,11,1,8
2150,2,Spring,2001,11,6,10
1765,1,Fall,2010,19,4,16
2151,1,Spring,2008,10,10,1
1766,1,Fall,2010,2,6,5
1766,2,Fall,2015,2,2,3
2152,1,Spring,2000,2,5,6
2152,2,Fall,2005,2,4,5
1767,1,Fall,2015,11,2,10
2153,1,Spring,2006,10,3,13
2154,1,Spring,2013,18,4,11
2154,2,Spring,2009,18,15,11
2155,1,Fall,2014,19,9,13
3006,1,Fall,2010,10,12,7
3006,2,Fall,2011,10,9,11
3007,1,Fall,2004,19,12,14
3008,1,Fall,2002,19,1,15
3008,2,Fall,2009,19,11,3
3009,1,Spring,2012,19,7,14
3009,2,Fall,2008,19,10,15
3010,1,Fall,2015,10,6,9
3010,2,Spring,2004,10,4,6
3011,1,Fall,2015,2,5,11
3012,1,Spring,2008,18,14,13
3013,1,Spring,2002,10,12,14
3014,1,Spring,2003,19,5,13
3015,1,Fall,2006,18,5,4
3015,2,Spring,2002,18,1,11
3016,1,Spring,2007,10,10,14
3017,1,Spring,2013,18,8,3
3018,1,Spring,2012,19,9,13
3018,2,Fall,2005,19,2,5
3019,1,Spring,2001,10,6,7
3019,2,Spring,2012,10,8,11
3020,1,Fall,2002,10,13,14
3021,1,Fall,2008,10,4,14
3021,2,Fall,2005,10,5,4
3022,1,Spring,2013,7,3,2
3022,2,Fall,2001,7,19,3
3023,1,Spring,2001,19,3,4
3023,2,Spring,2010,19,11,16
3024,1,Fall,2004,10,10,1
3024,2,Spring,2004,10,11,12
3025,1,Spring,2006,18,27,5
3025,2,Fall,2009,18,24,6
3026,1,Fall,2005,7,17,16
3027,1,Fall,2004,2,4,3
3027,2,Fall,2005,2,6,16
3028,1,Spring,2009,18,18,12
3029,1,Fall,2009,18,22,1
3029,2,Fall,2010,18,17,1
3030,1,Fall,2011,19,10,11
3030,2,Spring,2015,19,9,14
3031,1,Spring,2008,10,13,11
3032,1,Spring,2013,2,3,6
3032,2,Spring,2014,2,6,12
3033,1,Fall,2000,19,4,7
3033,2,Fall,2013,19,3,5
3034,1,Spring,2009,2,5,5
3034,2,Fall,2010,2,3,8
3035,1,Spring,2009,18,20,7
3035,2,Spring,2003,18,3,2
4368,1,Spring,2007,10,10,11
4368,2,Spring,2006,10,8,16
4369,1,Spring,2006,18,16,13
4370,1,Spring,2013,18,18,8
4371,1,Fall,2013,2,5,10
4371,2,Fall,2013,2,4,7
4372,1,Spring,2007,19,12,2
4372,2,Fall,2005,19,8,3
4373,1,Spring,2001,10,13,1
4373,2,Spring,2004,10,5,16
4374,1,Fall,2007,7,7,16
4375,1,Spring,2011,7,10,7
4375,2,Fall,2009,7,14,9
4376,1,Fall,2009,7,7,2
4376,2,Fall,2009,7,15,9
4377,1,Fall,2002,7,7,16
4377,2,Fall,2002,7,13,16
4378,1,Fall,2015,2,2,12
4378,2,Fall,2000,2,3,7
4379,1,Fall,2005,2,5,11
3036,1,Spring,2003,18,1,9
3036,2,Spring,2000,18,24,9
4380,1,Fall,2003,11,2,6
4380,2,Fall,2013,11,2,10
3037,1,Spring,2003,18,6,14
3037,2,Fall,2007,18,12,15
3038,1,Fall,2003,18,2,4
3038,2,Fall,2014,18,6,13
3039,1,Fall,2003,19,12,1
3040,1,Fall,2008,10,5,8
3041,1,Fall,2001,7,10,16
3042,1,Spring,2004,18,21,13
3042,2,Spring,2015,18,23,3
3043,1,Spring,2003,18,25,2
3044,1,Spring,2001,7,8,3
3045,1,Fall,2015,18,24,12
3045,2,Spring,2013,18,25,15
3046,1,Fall,2012,2,4,6
3047,1,Spring,2008,11,1,16
3047,2,Fall,2010,11,2,3
3048,1,Spring,2001,11,4,9
3049,1,Fall,2008,2,3,15
3049,2,Spring,2004,2,5,1
3050,1,Fall,2002,11,1,7
3050,2,Fall,2006,11,1,7
3051,1,Spring,2014,11,5,14
3052,1,Fall,2015,18,22,9
3053,1,Spring,2001,10,9,4
3053,2,Spring,2004,10,8,6
3054,1,Fall,2009,18,6,9
3055,1,Fall,2011,19,3,14
3056,1,Spring,2013,19,2,3
3056,2,Fall,2008,19,1,9
3057,1,Spring,2007,10,4,7
3058,1,Spring,2011,18,5,14
3058,2,Spring,2006,18,13,6
3059,1,Fall,2014,2,1,2
3060,1,Spring,2003,10,5,15
3060,2,Spring,2007,10,9,14
3061,1,Fall,2001,7,12,2
3061,2,Spring,2011,7,17,12
3062,1,Spring,2000,11,2,9
3062,2,Fall,2010,11,6,14
3063,1,Fall,2004,10,13,14
3064,1,Fall,2004,18,26,11
3065,1,Spring,2000,2,3,2
3065,2,Spring,2015,2,2,16
3066,1,Spring,2003,7,13,3
3066,2,Spring,2003,7,16,4
3067,1,Spring,2015,11,2,13
3067,2,Fall,2010,11,5,12
3068,1,Spring,2000,19,5,10
3068,2,Spring,2003,19,5,12
3069,1,Spring,2005,11,4,16
3069,2,Fall,2008,11,6,8
3070,1,Spring,2008,2,5,1
3071,1,Fall,2012,19,2,14
3071,2,Spring,2012,19,9,4
4381,1,Fall,2006,10,8,3
4381,2,Fall,2001,10,2,10
3072,1,Fall,2003,19,6,11
3072,2,Fall,2002,19,4,15
3073,1,Fall,2010,10,2,7
4382,1,Fall,2014,2,6,9
3074,1,Fall,2013,11,5,6
4383,1,Spring,2005,18,2,1
4383,2,Fall,2003,18,25,9
3075,1,Spring,2009,19,5,14
3075,2,Fall,2004,19,9,5
4384,1,Fall,2013,19,6,16
3076,1,Spring,2011,11,3,15
4385,1,Fall,2010,2,3,6
4385,2,Spring,2004,2,3,11
3077,1,Fall,2008,19,3,8
3077,2,Fall,2009,19,1,4
4386,1,Fall,2006,10,10,3
4386,2,Spring,2002,10,4,8
3078,1,Fall,2015,2,6,8
4387,1,Spring,2012,18,13,7
3079,1,Fall,2014,10,2,13
3079,2,Spring,2006,10,9,8
3080,1,Fall,2008,11,1,1
3080,2,Fall,2014,11,2,16
4388,1,Spring,2013,10,8,2
3081,1,Fall,2015,19,5,12
3081,2,Spring,2007,19,9,10
4389,1,Fall,2000,19,1,8
3082,1,Fall,2005,7,7,3
3082,2,Fall,2009,7,18,5
4390,1,Spring,2013,10,13,8
3083,1,Fall,2015,11,1,2
4391,1,Spring,2004,11,6,12
4391,2,Fall,2001,11,4,1
3084,1,Fall,2008,11,6,16
4392,1,Fall,2011,2,2,15
3085,1,Spring,2000,18,18,3
3085,2,Spring,2010,18,15,1
4393,1,Fall,2006,19,6,3
4393,2,Fall,2001,19,11,2
3086,1,Spring,2014,2,5,10
4394,1,Fall,2003,19,12,15
4394,2,Spring,2008,19,7,15
3087,1,Fall,2003,7,14,10
4395,1,Spring,2003,18,4,1
4395,2,Spring,2014,18,20,1
3088,1,Spring,2000,10,10,16
4396,1,Fall,2003,7,4,13
3089,1,Fall,2000,19,3,16
3089,2,Fall,2008,19,1,15
4397,1,Spring,2010,2,5,9
4397,2,Fall,2006,2,6,8
3090,1,Spring,2002,18,1,10
3090,2,Fall,2000,18,20,2
4398,1,Spring,2006,18,10,9
3091,1,Spring,2008,7,15,14
3091,2,Spring,2014,7,14,10
4399,1,Fall,2002,11,2,16
3092,1,Fall,2005,19,12,9
4400,1,Fall,2006,11,6,2
3093,1,Spring,2015,10,2,8
4401,1,Fall,2011,11,1,7
4401,2,Fall,2004,11,5,3
3094,1,Spring,2001,11,2,15
4402,1,Spring,2005,19,7,15
4402,2,Spring,2011,19,5,7
3095,1,Spring,2011,11,1,3
4403,1,Fall,2006,10,2,8
4404,1,Spring,2011,10,1,1
4404,2,Spring,2000,10,1,9
4405,1,Spring,2009,7,18,16
4405,2,Spring,2002,7,3,8
4406,1,Spring,2008,18,12,16
4407,1,Spring,2003,10,9,10
4407,2,Fall,2010,10,9,8
4408,1,Spring,2002,18,19,8
4408,2,Fall,2012,18,18,11
4409,1,Fall,2005,7,2,9
4410,1,Fall,2008,2,2,1
4410,2,Spring,2001,2,3,15
4411,1,Fall,2003,11,2,4
4412,1,Spring,2010,19,12,3
4412,2,Spring,2006,19,12,9
4413,1,Spring,2008,7,17,13
4414,1,Fall,2007,19,2,8
4415,1,Spring,2015,11,2,14
4416,1,Fall,2000,11,4,11
4416,2,Fall,2007,11,3,6
4417,1,Spring,2012,7,11,4
4418,1,Fall,2003,18,8,16
4419,1,Spring,2006,7,4,11
4419,2,Fall,2001,7,15,15
4420,1,Spring,2007,19,7,7
4420,2,Fall,2011,19,5,6
4421,1,Spring,2003,7,9,2
4422,1,Spring,2012,11,5,16
4423,1,Fall,2010,7,11,15
4423,2,Spring,2015,7,2,12
4424,1,Fall,2010,2,2,4
4424,2,Spring,2012,2,1,12
4425,1,Spring,2014,7,12,6
4425,2,Fall,2008,7,7,10
4426,1,Fall,2008,10,7,6
4426,2,Fall,2002,10,9,1
4427,1,Spring,2012,10,2,12
4428,1,Spring,2006,11,3,11
4428,2,Spring,2005,11,5,15
4429,1,Spring,2010,19,8,16
4430,1,Spring,2001,2,6,7
4430,2,Fall,2014,2,2,6
4431,1,Fall,2014,11,1,3
4431,2,Spring,2009,11,3,9
4432,1,Spring,2000,11,1,9
4432,2,Spring,2004,11,6,15
4433,1,Fall,2012,10,5,12
4434,1,Fall,2010,19,2,14
4434,2,Fall,2007,19,2,14
4435,1,Spring,2005,11,1,3
4435,2,Spring,2003,11,5,10
4436,1,Fall,2011,10,6,8
4437,1,Fall,2007,18,8,7
4437,2,Spring,2009,18,14,3
4438,1,Spring,2010,7,5,4
4438,2,Fall,2015,7,8,5
4439,1,Spring,2006,11,6,2
4439,2,Fall,2003,11,4,15
4440,1,Fall,2007,11,6,12
4441,1,Spring,2008,2,2,3
4441,2,Spring,2008,2,4,8
4442,1,Fall,2003,19,4,15
4442,2,Spring,2014,19,1,5
4443,1,Fall,2015,19,10,16
4444,1,Spring,2000,19,10,6
4444,2,Spring,2010,19,1,11
4445,1,Fall,2013,2,6,4
4446,1,Fall,2012,11,1,6
4447,1,Spring,2008,2,6,4
4447,2,Spring,2009,2,4,15
4448,1,Fall,2013,18,8,6
4448,2,Spring,2013,18,16,6
4449,1,Spring,2008,2,6,3
4450,1,Fall,2006,19,5,3
4450,2,Spring,2011,19,3,8
4451,1,Spring,2010,7,11,7
4452,1,Fall,2000,10,8,3
4452,2,Spring,2015,10,3,14
4453,1,Fall,2001,10,8,6
4453,2,Fall,2006,10,7,8
4454,1,Fall,2009,10,13,12
4455,1,Spring,2013,10,12,13
4456,1,Spring,2009,10,8,5
4456,2,Spring,2010,10,12,10
4457,1,Spring,2014,11,6,14
4457,2,Spring,2007,11,5,13
4458,1,Spring,2003,7,7,9
4458,2,Spring,2006,7,14,1
4459,1,Spring,2012,2,6,15
4459,2,Spring,2012,2,6,5
4460,1,Fall,2006,19,7,12
4461,1,Fall,2002,18,9,1
4461,2,Fall,2005,18,14,15
4462,1,Fall,2011,19,1,4
4463,1,Spring,2006,7,18,7
4464,1,Spring,2006,18,25,8
4465,1,Fall,2005,10,4,13
4466,1,Spring,2003,18,9,16
4466,2,Fall,2005,18,12,5
4467,1,Fall,2013,10,10,3
4467,2,Fall,2013,10,9,1
4468,1,Spring,2000,11,5,14
4468,2,Spring,2015,11,5,6
4469,1,Fall,2015,2,6,10
4470,1,Fall,2002,10,12,16
4470,2,Fall,2014,10,7,16
4471,1,Fall,2012,10,3,4
4471,2,Spring,2014,10,6,13
4472,1,Fall,2015,7,1,12
4472,2,Spring,2008,7,3,3
4473,1,Fall,2004,7,4,2
4473,2,Fall,2010,7,3,1
4474,1,Fall,2006,7,7,12
4474,2,Spring,2004,7,7,4
4475,1,Spring,2013,18,23,3
4475,2,Fall,2007,18,22,4
4476,1,Fall,2008,10,11,13
4477,1,Fall,2000,2,6,2
4477,2,Spring,2015,2,3,5
4478,1,Fall,2005,7,11,10
4479,1,Fall,2011,18,2,6
4480,1,Spring,2009,10,1,15
4481,1,Fall,2000,18,17,10
4482,1,Spring,2011,11,5,7
4483,1,Spring,2004,7,18,16
4483,2,Spring,2013,7,4,10
4484,1,Fall,2011,11,3,7
4484,2,Fall,2009,11,1,7
4485,1,Spring,2002,19,1,5
4485,2,Fall,2003,19,11,3
4486,1,Fall,2010,18,21,9
4487,1,Fall,2003,11,4,1
4488,1,Fall,2010,2,6,11
4489,1,Spring,2007,18,20,13
4490,1,Spring,2007,7,10,14
4491,1,Spring,2006,19,7,13
4492,1,Fall,2009,18,17,7
4492,2,Spring,2011,18,6,9
4493,1,Fall,2001,2,3,16
4494,1,Spring,2013,7,3,6
4495,1,Fall,2011,10,7,5
4495,2,Spring,2012,10,3,12
4496,1,Spring,2008,10,6,12
4496,2,Fall,2003,10,9,11
4497,1,Spring,2000,18,1,7
4498,1,Fall,2006,19,12,15
4498,2,Fall,2002,19,7,3
4499,1,Spring,2009,2,3,15
4500,1,Spring,2002,7,13,4
4500,2,Spring,2007,7,6,8
3096,1,Fall,2002,2,4,13
3096,2,Spring,2011,2,4,10
3097,1,Fall,2005,2,2,15
3098,1,Spring,2000,19,2,11
3099,1,Fall,2012,2,5,13
3100,1,Spring,2008,7,18,15
3100,2,Fall,2004,7,17,7
3101,1,Spring,2013,10,13,15
3101,2,Spring,2015,10,1,2
3102,1,Spring,2014,11,1,11
3103,1,Fall,2011,7,1,8
3104,1,Fall,2014,19,11,15
3104,2,Fall,2005,19,11,4
3105,1,Fall,2000,18,19,9
3106,1,Spring,2005,10,8,6
3107,1,Fall,2000,7,10,11
3108,1,Spring,2014,7,17,16
3109,1,Fall,2000,11,1,12
3109,2,Spring,2011,11,5,5
3110,1,Fall,2006,2,1,6
3110,2,Fall,2007,2,3,4
3111,1,Spring,2012,7,6,12
3112,1,Fall,2009,11,3,2
3112,2,Spring,2006,11,2,2
3113,1,Spring,2005,19,7,7
3113,2,Spring,2013,19,2,7
3114,1,Spring,2014,7,17,8
3115,1,Fall,2013,11,3,12
3116,1,Spring,2001,7,18,13
3117,1,Fall,2003,11,6,2
3117,2,Spring,2002,11,1,4
3118,1,Spring,2012,2,2,7
3118,2,Fall,2007,2,4,4
3119,1,Fall,2002,10,4,12
3119,2,Spring,2015,10,1,1
3120,1,Spring,2015,2,2,1
3120,2,Spring,2005,2,6,14
3121,1,Fall,2014,19,8,3
3122,1,Spring,2002,10,5,7
3122,2,Spring,2002,10,12,6
3123,1,Fall,2011,2,2,8
3123,2,Fall,2012,2,1,9
3124,1,Spring,2003,7,11,1
3124,2,Spring,2012,7,9,11
3125,1,Spring,2008,19,8,11
3126,1,Fall,2010,7,11,8
3127,1,Fall,2012,7,14,2
3128,1,Spring,2007,10,4,5
3129,1,Spring,2003,11,2,8
3129,2,Fall,2010,11,4,16
3130,1,Fall,2007,10,1,13
3130,2,Fall,2007,10,13,4
3131,1,Fall,2013,18,11,3
3131,2,Fall,2015,18,7,15
3132,1,Spring,2004,2,3,15
3132,2,Fall,2009,2,3,2
3133,1,Spring,2010,18,9,13
3134,1,Spring,2002,19,10,7
3135,1,Spring,2002,2,6,8
3135,2,Spring,2010,2,6,3
3136,1,Spring,2009,2,5,16
3136,2,Spring,2010,2,4,7
3137,1,Spring,2008,7,10,1
3138,1,Fall,2013,11,3,4
3139,1,Spring,2010,18,15,1
3140,1,Fall,2008,19,7,15
3140,2,Fall,2011,19,12,5
3141,1,Fall,2012,10,13,16
3141,2,Fall,2001,10,4,15
3142,1,Fall,2006,2,3,15
3142,2,Fall,2009,2,3,10
662,1,Fall,2001,10,1,9
662,2,Fall,2000,10,7,15
3143,1,Fall,2000,18,12,12
3143,2,Spring,2013,18,19,4
3144,1,Spring,2003,10,5,6
3144,2,Fall,2000,10,1,9
663,1,Spring,2001,10,10,11
3145,1,Spring,2004,10,9,15
664,1,Spring,2008,7,3,8
3146,1,Fall,2004,7,11,5
665,1,Fall,2003,7,15,15
3147,1,Fall,2013,2,2,10
666,1,Fall,2006,2,2,15
3148,1,Spring,2006,11,2,1
3148,2,Fall,2013,11,3,4
3149,1,Spring,2011,11,4,10
3149,2,Fall,2014,11,6,5
667,1,Spring,2015,10,6,6
668,1,Spring,2004,18,21,6
668,2,Fall,2002,18,16,11
3150,1,Spring,2012,19,4,8
3150,2,Spring,2010,19,5,8
669,1,Fall,2015,19,6,10
669,2,Spring,2008,19,7,6
3151,1,Fall,2007,7,7,2
3152,1,Fall,2006,19,4,11
670,1,Spring,2012,19,8,8
670,2,Fall,2013,19,2,11
3153,1,Spring,2000,10,11,5
3153,2,Spring,2008,10,7,16
671,1,Spring,2011,18,13,10
3154,1,Spring,2009,10,13,1
3154,2,Spring,2013,10,9,12
672,1,Spring,2010,18,13,7
3155,1,Fall,2015,11,6,5
673,1,Spring,2009,7,5,7
3156,1,Fall,2001,7,12,16
3156,2,Spring,2014,7,9,8
674,1,Fall,2012,18,4,6
3157,1,Spring,2010,10,2,9
675,1,Fall,2005,11,4,14
675,2,Spring,2013,11,1,14
3158,1,Spring,2000,11,6,8
3158,2,Spring,2007,11,6,16
676,1,Spring,2015,7,5,8
3159,1,Spring,2009,2,3,12
677,1,Fall,2007,7,17,5
3160,1,Fall,2004,19,6,11
678,1,Fall,2014,2,4,11
3161,1,Fall,2011,18,26,5
679,1,Fall,2004,11,3,6
3162,1,Spring,2005,2,4,16
680,1,Fall,2004,7,12,5
3163,1,Fall,2006,19,8,12
681,1,Spring,2005,7,11,4
3164,1,Fall,2000,10,5,13
682,1,Fall,2013,11,1,1
3165,1,Fall,2011,7,14,15
683,1,Fall,2008,10,7,12
3166,1,Fall,2014,18,14,6
3166,2,Spring,2001,18,2,12
684,1,Spring,2014,7,2,6
3167,1,Fall,2003,18,17,11
3167,2,Spring,2006,18,8,4
685,1,Spring,2007,2,2,3
3168,1,Spring,2014,11,5,6
3169,1,Fall,2000,18,24,8
3169,2,Spring,2015,18,11,1
686,1,Spring,2015,18,13,8
3170,1,Fall,2014,11,1,10
687,1,Spring,2015,19,12,15
687,2,Fall,2000,19,7,3
3171,1,Fall,2002,2,2,2
3171,2,Fall,2002,2,4,3
688,1,Fall,2009,11,5,4
688,2,Spring,2011,11,5,2
3172,1,Spring,2015,19,12,14
3172,2,Spring,2011,19,12,3
689,1,Fall,2008,11,4,14
689,2,Fall,2001,11,4,12
3173,1,Fall,2012,18,27,6
690,1,Fall,2015,2,1,3
690,2,Fall,2010,2,6,6
3174,1,Fall,2008,18,7,16
3174,2,Spring,2011,18,27,12
691,1,Spring,2011,19,9,9
691,2,Spring,2008,19,11,4
3175,1,Spring,2003,2,1,3
692,1,Fall,2004,19,6,4
692,2,Spring,2011,19,8,9
3176,1,Fall,2004,7,19,11
3176,2,Spring,2004,7,16,5
693,1,Spring,2010,11,2,12
3177,1,Fall,2007,11,5,3
694,1,Fall,2012,10,3,14
694,2,Fall,2013,10,11,13
3178,1,Spring,2005,10,4,14
695,1,Spring,2003,7,10,4
3179,1,Spring,2005,2,4,5
3179,2,Fall,2004,2,3,2
696,1,Fall,2004,10,7,1
696,2,Spring,2005,10,7,9
3180,1,Spring,2008,7,8,1
697,1,Fall,2001,19,12,3
3181,1,Fall,2012,2,6,15
3181,2,Spring,2000,2,1,10
698,1,Spring,2006,18,5,16
3182,1,Fall,2006,19,2,2
3182,2,Spring,2010,19,7,16
3183,1,Fall,2004,19,9,8
3183,2,Fall,2000,19,11,16
699,1,Spring,2008,10,6,5
699,2,Spring,2008,10,8,4
700,1,Fall,2011,2,6,13
700,2,Fall,2005,2,5,13
701,1,Fall,2006,19,10,6
701,2,Spring,2010,19,2,14
702,1,Spring,2002,11,4,11
703,1,Spring,2002,18,15,4
704,1,Fall,2007,18,1,8
705,1,Spring,2015,19,10,16
706,1,Spring,2005,10,2,3
706,2,Fall,2007,10,13,6
707,1,Fall,2000,7,17,12
707,2,Spring,2003,7,11,15
708,1,Spring,2010,18,22,14
708,2,Fall,2014,18,19,10
709,1,Fall,2010,10,7,12
710,1,Fall,2008,2,2,14
710,2,Spring,2013,2,5,12
711,1,Fall,2013,2,2,12
711,2,Spring,2008,2,6,2
712,1,Fall,2008,10,5,6
713,1,Spring,2006,18,8,4
714,1,Fall,2008,11,5,9
714,2,Spring,2000,11,2,3
715,1,Fall,2015,18,1,8
715,2,Spring,2011,18,10,10
716,1,Fall,2002,19,12,16
716,2,Spring,2011,19,2,8
717,1,Fall,2007,7,14,7
718,1,Fall,2014,19,5,12
719,1,Fall,2014,7,6,15
719,2,Fall,2003,7,15,14
720,1,Spring,2015,19,11,3
720,2,Fall,2014,19,4,15
721,1,Fall,2013,7,12,10
722,1,Spring,2001,19,8,2
722,2,Fall,2005,19,12,7
723,1,Spring,2011,7,11,12
723,2,Fall,2003,7,18,6
724,1,Spring,2014,18,20,9
724,2,Spring,2006,18,20,11
725,1,Fall,2006,7,5,6
726,1,Spring,2012,7,18,1
727,1,Fall,2007,2,6,4
727,2,Fall,2000,2,1,11
728,1,Spring,2007,2,5,7
729,1,Fall,2000,11,3,14
729,2,Fall,2006,11,3,6
730,1,Fall,2002,11,4,16
731,1,Fall,2002,10,3,15
732,1,Spring,2001,19,10,15
732,2,Fall,2003,19,5,5
733,1,Spring,2004,10,4,15
733,2,Spring,2013,10,1,8
734,1,Spring,2010,2,2,12
734,2,Spring,2007,2,1,6
735,1,Fall,2010,2,4,13
736,1,Fall,2000,19,12,14
736,2,Fall,2007,19,7,6
737,1,Spring,2007,11,3,14
738,1,Fall,2012,7,16,16
738,2,Fall,2011,7,17,9
739,1,Fall,2008,19,3,15
740,1,Fall,2001,2,3,1
741,1,Spring,2010,19,7,6
741,2,Spring,2009,19,9,5
742,1,Spring,2000,19,9,11
743,1,Fall,2012,7,14,6
743,2,Spring,2003,7,13,13
744,1,Fall,2013,19,11,6
744,2,Fall,2003,19,12,6
745,1,Fall,2013,18,19,3
745,2,Spring,2008,18,10,14
746,1,Fall,2006,10,2,3
746,2,Spring,2009,10,8,12
747,1,Fall,2002,19,10,7
747,2,Spring,2004,19,4,12
748,1,Spring,2000,7,10,11
748,2,Fall,2004,7,12,6
749,1,Fall,2011,11,1,5
749,2,Fall,2002,11,5,13
750,1,Spring,2014,2,3,14
751,1,Spring,2007,18,18,4
752,1,Spring,2004,2,2,10
753,1,Spring,2006,10,3,8
753,2,Spring,2006,10,13,2
754,1,Fall,2010,2,1,10
754,2,Fall,2001,2,3,6
755,1,Fall,2003,18,20,2
756,1,Fall,2014,10,12,12
757,1,Spring,2004,2,3,11
757,2,Fall,2003,2,6,4
758,1,Spring,2013,7,5,1
759,1,Fall,2000,18,10,6
759,2,Fall,2005,18,24,5
760,1,Spring,2014,7,7,13
761,1,Fall,2011,10,12,2
761,2,Fall,2012,10,3,15
762,1,Fall,2007,11,6,2
762,2,Spring,2007,11,1,13
763,1,Fall,2005,10,8,3
764,1,Spring,2002,2,2,15
764,2,Spring,2006,2,5,4
765,1,Spring,2009,11,6,7
766,1,Spring,2000,19,8,2
767,1,Spring,2012,11,4,4
768,1,Spring,2000,7,10,7
769,1,Spring,2014,11,3,6
769,2,Spring,2010,11,1,16
770,1,Fall,2003,18,22,14
771,1,Spring,2004,11,6,9
772,1,Fall,2015,19,1,10
773,1,Fall,2011,10,5,11
773,2,Fall,2010,10,8,5
774,1,Fall,2005,10,10,2
774,2,Spring,2003,10,7,6
775,1,Spring,2005,19,10,5
775,2,Fall,2001,19,7,3
776,1,Spring,2013,2,5,14
776,2,Spring,2014,2,3,16
777,1,Spring,2007,18,26,6
777,2,Spring,2005,18,16,10
778,1,Spring,2006,19,6,3
779,1,Spring,2015,2,4,3
779,2,Fall,2015,2,6,1
780,1,Spring,2011,2,3,8
781,1,Fall,2001,10,9,3
782,1,Fall,2007,19,9,8
782,2,Fall,2011,19,12,4
783,1,Fall,2004,10,7,16
783,2,Fall,2002,10,4,5
784,1,Fall,2013,2,5,10
784,2,Fall,2004,2,4,14
785,1,Fall,2001,7,16,10
785,2,Fall,2006,7,2,1
786,1,Fall,2011,7,5,3
786,2,Spring,2010,7,18,6
787,1,Spring,2008,2,3,15
788,1,Spring,2004,7,5,5
789,1,Fall,2006,11,4,5
790,1,Spring,2003,10,9,4
791,1,Fall,2003,11,4,6
792,1,Spring,2002,2,4,2
792,2,Fall,2007,2,3,16
793,1,Spring,2006,19,4,7
794,1,Fall,2002,7,14,3
794,2,Spring,2011,7,7,2
795,1,Spring,2005,10,9,10
795,2,Spring,2004,10,3,12
796,1,Fall,2007,10,13,14
797,1,Fall,2002,19,8,6
798,1,Fall,2010,10,5,15
798,2,Spring,2010,10,3,12
799,1,Spring,2001,10,2,10
800,1,Spring,2002,18,18,5
800,2,Spring,2013,18,25,4
801,1,Spring,2014,19,1,14
802,1,Spring,2003,10,1,4
803,1,Spring,2013,18,23,9
803,2,Spring,2002,18,16,9
804,1,Spring,2002,18,20,11
804,2,Fall,2013,18,11,16
805,1,Spring,2011,2,3,1
806,1,Fall,2013,7,8,3
807,1,Fall,2011,7,17,14
807,2,Spring,2001,7,16,2
808,1,Spring,2001,2,5,2
809,1,Fall,2013,7,1,5
810,1,Spring,2009,19,2,10
810,2,Fall,2015,19,4,10
811,1,Fall,2006,2,3,7
811,2,Spring,2013,2,1,3
812,1,Fall,2009,18,18,15
813,1,Spring,2009,11,3,7
814,1,Spring,2012,7,17,9
814,2,Fall,2015,7,19,16
815,1,Fall,2005,7,6,8
815,2,Fall,2010,7,8,3
816,1,Spring,2002,2,3,4
816,2,Fall,2002,2,1,10
817,1,Spring,2008,7,19,1
818,1,Fall,2003,18,5,5
819,1,Spring,2012,2,1,1
819,2,Spring,2001,2,6,4
820,1,Fall,2005,11,6,5
820,2,Fall,2000,11,2,4
821,1,Spring,2002,2,1,14
821,2,Spring,2015,2,4,11
822,1,Spring,2000,10,1,10
822,2,Spring,2013,10,8,6
823,1,Spring,2004,19,4,7
823,2,Fall,2013,19,3,9
824,1,Fall,2008,10,8,6
825,1,Fall,2010,19,9,14
826,1,Spring,2008,19,10,6
827,1,Spring,2011,10,9,8
827,2,Fall,2015,10,13,8
828,1,Spring,2013,2,6,15
829,1,Fall,2008,11,4,13
830,1,Spring,2013,10,12,9
830,2,Fall,2005,10,1,14
831,1,Fall,2003,10,6,13
831,2,Spring,2014,10,13,15
832,1,Spring,2006,7,1,14
833,1,Spring,2004,7,2,4
833,2,Fall,2006,7,12,6
834,1,Spring,2004,7,5,9
835,1,Spring,2013,7,1,15
836,1,Spring,2011,18,26,4
836,2,Spring,2010,18,2,1
837,1,Spring,2005,19,8,10
838,1,Fall,2000,7,18,14
838,2,Spring,2012,7,6,12
839,1,Fall,2008,19,1,14
840,1,Fall,2009,10,1,8
840,2,Spring,2009,10,2,4
841,1,Spring,2007,19,8,16
841,2,Spring,2006,19,6,4
842,1,Spring,2007,11,5,5
843,1,Fall,2007,11,2,1
844,1,Spring,2010,11,2,3
844,2,Spring,2006,11,1,11
845,1,Spring,2006,11,5,14
846,1,Fall,2011,19,2,15
847,1,Spring,2001,18,4,4
847,2,Fall,2006,18,19,11
848,1,Fall,2013,7,9,9
848,2,Spring,2013,7,19,3
849,1,Fall,2012,19,6,2
850,1,Fall,2008,2,2,4
851,1,Fall,2000,11,2,8
852,1,Spring,2005,18,4,12
852,2,Spring,2015,18,4,9
853,1,Fall,2012,18,26,8
854,1,Spring,2010,18,6,7
855,1,Spring,2010,11,4,1
855,2,Fall,2003,11,6,7
856,1,Fall,2013,18,17,14
856,2,Spring,2011,18,27,13
857,1,Spring,2007,2,3,16
858,1,Spring,2000,7,15,6
859,1,Fall,2009,19,11,13
860,1,Spring,2001,10,10,12
860,2,Spring,2012,10,5,1
861,1,Spring,2010,2,4,1
861,2,Fall,2011,2,5,15
862,1,Spring,2015,18,10,12
862,2,Fall,2013,18,18,6
863,1,Fall,2003,18,26,10
864,1,Spring,2004,7,11,15
864,2,Spring,2010,7,6,6
865,1,Fall,2003,11,6,5
866,1,Fall,2006,2,6,14
867,1,Fall,2011,18,20,1
867,2,Spring,2010,18,8,14
868,1,Fall,2015,19,6,1
868,2,Spring,2004,19,12,14
869,1,Spring,2008,2,3,2
870,1,Fall,2006,11,3,9
871,1,Fall,2013,11,5,9
872,1,Fall,2005,10,11,9
873,1,Spring,2000,10,8,11
874,1,Spring,2013,11,2,12
875,1,Fall,2013,11,6,1
875,2,Fall,2002,11,1,11
876,1,Fall,2001,19,12,4
876,2,Fall,2006,19,8,16
877,1,Fall,2000,2,6,3
878,1,Spring,2008,18,11,16
878,2,Fall,2011,18,15,10
879,1,Spring,2012,7,1,10
880,1,Spring,2010,2,3,1
880,2,Fall,2001,2,2,4
881,1,Spring,2009,10,10,5
882,1,Spring,2011,7,4,8
882,2,Spring,2000,7,4,5
883,1,Fall,2013,11,3,1
883,2,Fall,2008,11,1,14
884,1,Fall,2009,19,5,12
885,1,Fall,2006,11,5,16
886,1,Spring,2013,18,22,9
886,2,Spring,2003,18,20,1
887,1,Fall,2000,7,10,15
887,2,Fall,2001,7,5,14
888,1,Fall,2001,18,7,3
888,2,Fall,2003,18,8,1
889,1,Spring,2004,10,6,6
889,2,Fall,2009,10,9,4
890,1,Spring,2002,10,6,13
891,1,Spring,2004,11,3,10
892,1,Fall,2010,2,2,2
893,1,Spring,2005,10,11,3
893,2,Spring,2006,10,4,9
894,1,Fall,2007,7,17,16
895,1,Spring,2003,18,12,6
895,2,Fall,2004,18,10,15
896,1,Spring,2005,2,3,12
896,2,Fall,2002,2,4,15
897,1,Spring,2011,10,4,12
897,2,Spring,2014,10,12,14
898,1,Fall,2005,7,7,8
898,2,Fall,2000,7,19,15
899,1,Spring,2011,18,3,4
899,2,Fall,2003,18,3,13
900,1,Fall,2000,18,24,3
901,1,Fall,2015,19,2,9
902,1,Fall,2013,2,1,7
902,2,Fall,2011,2,2,8
903,1,Spring,2006,7,17,11
904,1,Spring,2002,18,13,16
905,1,Fall,2012,2,4,5
906,1,Fall,2012,10,10,2
907,1,Fall,2007,2,5,4
907,2,Fall,2011,2,1,16
908,1,Spring,2005,18,8,13
908,2,Spring,2012,18,4,7
909,1,Spring,2000,10,8,5
909,2,Fall,2012,10,2,14
910,1,Fall,2012,11,3,10
910,2,Fall,2011,11,4,10
911,1,Spring,2014,7,10,16
912,1,Fall,2009,18,23,3
913,1,Spring,2009,11,3,4
914,1,Fall,2014,10,7,12
915,1,Spring,2015,7,8,3
916,1,Fall,2014,7,7,6
917,1,Fall,2007,10,13,11
918,1,Spring,2001,19,12,8
919,1,Spring,2008,2,6,1
920,1,Fall,2007,11,6,2
920,2,Fall,2007,11,3,1
921,1,Spring,2012,2,6,10
922,1,Fall,2013,7,7,14
923,1,Fall,2009,18,19,13
924,1,Fall,2015,18,2,8
924,2,Fall,2008,18,26,15
925,1,Spring,2012,11,4,13
926,1,Fall,2009,10,5,13
927,1,Fall,2011,7,9,4
927,2,Spring,2014,7,12,1
928,1,Spring,2010,2,1,11
929,1,Spring,2005,19,5,13
930,1,Fall,2001,2,6,9
931,1,Spring,2000,7,17,2
931,2,Spring,2008,7,4,6
932,1,Spring,2008,10,2,13
933,1,Fall,2005,11,3,15
933,2,Spring,2007,11,6,13
934,1,Fall,2012,18,6,11
934,2,Fall,2002,18,21,4
935,1,Spring,2007,2,3,3
935,2,Fall,2002,2,1,3
936,1,Fall,2007,10,9,9
936,2,Fall,2000,10,11,9
937,1,Spring,2013,7,13,8
938,1,Fall,2015,10,9,2
938,2,Spring,2001,10,8,12
939,1,Fall,2011,10,7,12
939,2,Fall,2006,10,7,2
940,1,Fall,2002,18,14,11
941,1,Fall,2002,18,20,14
942,1,Fall,2013,11,4,11
942,2,Fall,2014,11,6,2
943,1,Spring,2013,10,10,16
943,2,Spring,2000,10,9,2
944,1,Spring,2013,18,21,8
944,2,Spring,2001,18,13,1
945,1,Spring,2001,7,13,9
946,1,Spring,2010,18,5,2
946,2,Fall,2015,18,18,3
947,1,Fall,2007,18,21,15
948,1,Fall,2011,7,10,2
948,2,Spring,2002,7,12,6
949,1,Fall,2008,19,6,4
950,1,Spring,2007,18,4,16
951,1,Spring,2001,19,2,5
951,2,Spring,2006,19,4,7
952,1,Fall,2011,18,25,14
953,1,Fall,2001,10,10,10
954,1,Spring,2002,2,4,1
954,2,Fall,2014,2,3,1
955,1,Spring,2013,11,3,1
956,1,Spring,2011,19,6,16
956,2,Spring,2012,19,12,1
957,1,Spring,2009,7,9,13
958,1,Fall,2006,18,26,12
958,2,Spring,2011,18,27,5
959,1,Spring,2010,18,1,5
959,2,Spring,2012,18,16,13
960,1,Spring,2003,19,5,6
961,1,Fall,2003,19,2,2
962,1,Fall,2015,19,3,15
963,1,Fall,2010,10,2,11
964,1,Fall,2012,11,6,6
965,1,Fall,2004,18,24,16
965,2,Fall,2005,18,21,1
966,1,Spring,2000,10,8,10
967,1,Fall,2007,19,3,3
967,2,Spring,2002,19,9,4
968,1,Spring,2010,2,2,5
968,2,Fall,2014,2,6,5
969,1,Fall,2012,2,6,4
970,1,Spring,2010,18,4,8
970,2,Fall,2005,18,24,12
971,1,Fall,2014,10,4,6
972,1,Spring,2000,2,2,13
972,2,Spring,2008,2,4,5
973,1,Fall,2014,10,3,9
973,2,Spring,2006,10,1,3
974,1,Spring,2008,10,3,3
975,1,Fall,2004,7,16,13
975,2,Fall,2003,7,12,9
976,1,Spring,2001,2,4,14
976,2,Fall,2000,2,1,11
977,1,Fall,2007,2,6,11
977,2,Spring,2009,2,4,5
978,1,Spring,2003,7,5,11
978,2,Fall,2009,7,3,7
979,1,Fall,2006,2,1,8
980,1,Spring,2006,2,5,10
981,1,Spring,2007,10,11,3
981,2,Fall,2001,10,11,9
982,1,Fall,2000,18,11,14
982,2,Spring,2007,18,2,7
983,1,Fall,2006,18,25,3
984,1,Fall,2000,7,11,10
985,1,Spring,2010,2,6,11
985,2,Fall,2003,2,5,7
986,1,Spring,2014,11,2,12
986,2,Fall,2002,11,2,16
987,1,Spring,2010,19,5,10
987,2,Fall,2013,19,1,8
988,1,Fall,2012,10,10,13
989,1,Fall,2002,18,2,14
989,2,Fall,2007,18,14,6
990,1,Fall,2010,11,4,4
990,2,Spring,2008,11,5,10
991,1,Spring,2000,19,4,7
991,2,Fall,2011,19,11,14
992,1,Fall,2010,2,4,14
992,2,Fall,2008,2,5,16
993,1,Fall,2013,7,2,10
994,1,Fall,2011,11,1,15
995,1,Fall,2008,19,9,15
996,1,Spring,2010,7,16,2
996,2,Fall,2003,7,11,3
997,1,Spring,2007,19,11,1
997,2,Spring,2013,19,12,11
998,1,Fall,2013,18,19,5
999,1,Fall,2009,19,5,6
1000,1,Fall,2015,2,3,8
1000,2,Fall,2003,2,5,14
2156,1,Fall,2003,2,1,4
2157,1,Fall,2012,7,17,1
2158,1,Spring,2013,7,11,1
2159,1,Fall,2001,18,6,15
2159,2,Spring,2005,18,17,2
2160,1,Spring,2004,7,10,5
2160,2,Fall,2012,7,8,8
2161,1,Spring,2012,2,5,7
2162,1,Fall,2002,7,1,1
2162,2,Fall,2003,7,13,1
2163,1,Fall,2003,10,13,11
2163,2,Spring,2002,10,13,2
2164,1,Spring,2010,11,2,9
2165,1,Fall,2003,2,1,11
2165,2,Fall,2008,2,3,2
2166,1,Fall,2014,2,4,12
2167,1,Spring,2008,19,10,6
2168,1,Spring,2011,11,5,15
2168,2,Spring,2009,11,2,14
2169,1,Spring,2006,7,15,10
2169,2,Spring,2012,7,6,9
2170,1,Spring,2008,11,1,16
2170,2,Fall,2001,11,4,9
2171,1,Spring,2003,7,2,4
2172,1,Spring,2010,7,5,11
2173,1,Spring,2003,11,6,5
2174,1,Spring,2009,11,3,12
2175,1,Fall,2014,2,4,2
2176,1,Spring,2008,11,2,6
2177,1,Fall,2013,19,3,7
2177,2,Fall,2015,19,5,8
2178,1,Spring,2004,10,1,4
2178,2,Spring,2014,10,7,1
2179,1,Spring,2001,11,6,11
2180,1,Spring,2008,7,5,1
2180,2,Fall,2008,7,15,6
2181,1,Spring,2006,2,5,7
2182,1,Spring,2005,10,11,2
2183,1,Fall,2014,10,10,7
2183,2,Spring,2011,10,11,1
2184,1,Spring,2003,7,9,16
2184,2,Spring,2012,7,2,14
2185,1,Fall,2008,2,5,15
2186,1,Fall,2007,7,6,7
2187,1,Spring,2000,10,2,10
2188,1,Spring,2015,10,10,10
2189,1,Spring,2012,18,18,8
2189,2,Fall,2010,18,10,11
2190,1,Fall,2005,2,6,10
2190,2,Fall,2012,2,6,16
2191,1,Spring,2015,11,3,11
2191,2,Spring,2015,11,1,6
2192,1,Fall,2012,18,11,12
2192,2,Spring,2009,18,22,16
2193,1,Spring,2012,2,2,1
2193,2,Spring,2004,2,1,1
2194,1,Fall,2009,10,1,13
2195,1,Spring,2013,2,3,16
2195,2,Fall,2015,2,6,5
2196,1,Fall,2009,19,3,6
2196,2,Fall,2004,19,2,14
2197,1,Spring,2005,19,5,8
2198,1,Spring,2004,11,6,3
2198,2,Spring,2007,11,3,1
2199,1,Spring,2013,7,13,4
2199,2,Spring,2009,7,9,15
2200,1,Fall,2003,7,5,11
2200,2,Fall,2015,7,19,13
2201,1,Spring,2012,11,5,5
2201,2,Fall,2000,11,4,13
2202,1,Fall,2014,18,15,7
2203,1,Fall,2009,19,4,15
2204,1,Fall,2007,7,6,7
2204,2,Fall,2001,7,11,5
2205,1,Spring,2008,10,1,11
2205,2,Fall,2009,10,3,4
2206,1,Spring,2002,11,4,16
2206,2,Fall,2003,11,2,15
2207,1,Spring,2005,19,1,11
2208,1,Fall,2007,7,5,4
2208,2,Fall,2014,7,10,8
2209,1,Spring,2014,2,3,6
2209,2,Spring,2012,2,5,13
2210,1,Spring,2000,10,8,13
2211,1,Fall,2000,2,1,1
2212,1,Spring,2006,18,20,9
2212,2,Fall,2004,18,4,5
2213,1,Spring,2002,2,1,10
2214,1,Fall,2013,2,4,2
2215,1,Fall,2002,18,7,5
2215,2,Spring,2002,18,3,12
2216,1,Spring,2015,10,6,1
2217,1,Fall,2011,10,8,5
2217,2,Fall,2001,10,12,2
2218,1,Spring,2012,18,3,4
2219,1,Fall,2006,7,12,3
2219,2,Spring,2002,7,18,1
2220,1,Fall,2000,7,5,6
2220,2,Fall,2006,7,12,9
2221,1,Fall,2002,19,12,8
2222,1,Fall,2014,18,17,9
2223,1,Spring,2009,7,4,3
2223,2,Spring,2008,7,3,8
2224,1,Spring,2014,19,8,13
2224,2,Spring,2000,19,8,11
2225,1,Spring,2007,18,25,11
2225,2,Spring,2006,18,10,13
2226,1,Spring,2005,11,2,3
2226,2,Fall,2011,11,2,14
2227,1,Fall,2007,18,26,11
2227,2,Spring,2003,18,23,2
2228,1,Spring,2005,11,4,4
2229,1,Fall,2011,2,1,15
2230,1,Spring,2012,7,15,13
2230,2,Fall,2013,7,12,15
2231,1,Spring,2004,7,8,6
2231,2,Fall,2015,7,17,7
2232,1,Fall,2000,2,1,16
2233,1,Spring,2000,11,4,11
2233,2,Fall,2006,11,3,3
2234,1,Fall,2011,18,26,5
2234,2,Fall,2008,18,24,1
2235,1,Spring,2010,10,6,7
2236,1,Fall,2002,18,2,10
2237,1,Fall,2008,18,20,3
2238,1,Spring,2005,2,6,8
2239,1,Spring,2009,19,10,6
2239,2,Spring,2014,19,7,10
2240,1,Fall,2011,7,5,13
2241,1,Spring,2009,18,13,2
2242,1,Spring,2010,11,2,5
2242,2,Fall,2015,11,5,2
2243,1,Spring,2008,11,6,8
2243,2,Spring,2001,11,6,3
2244,1,Fall,2009,2,6,5
2244,2,Spring,2001,2,2,6
2245,1,Fall,2009,2,4,3
2246,1,Spring,2006,19,7,12
2246,2,Fall,2009,19,1,2
2247,1,Fall,2002,11,4,9
2248,1,Spring,2013,7,2,14
2249,1,Spring,2007,19,3,15
2249,2,Spring,2000,19,3,16
2250,1,Fall,2005,11,3,7
2251,1,Spring,2005,7,18,8
2252,1,Spring,2013,19,11,1
2252,2,Spring,2008,19,9,11
2253,1,Spring,2004,19,1,14
2253,2,Spring,2006,19,2,6
2254,1,Fall,2005,7,4,6
2255,1,Fall,2010,10,7,7
2255,2,Spring,2009,10,11,2
2256,1,Fall,2011,18,6,10
2257,1,Fall,2003,18,12,11
2257,2,Fall,2006,18,26,11
2258,1,Fall,2003,11,2,10
2259,1,Spring,2011,11,4,7
2259,2,Fall,2008,11,1,15
2260,1,Fall,2003,18,22,3
2261,1,Spring,2001,19,11,13
2261,2,Fall,2008,19,2,15
2262,1,Fall,2008,2,5,16
2263,1,Spring,2007,2,6,6
2263,2,Spring,2013,2,2,5
2264,1,Spring,2005,18,12,15
2265,1,Fall,2009,2,1,3
2266,1,Fall,2007,2,5,12
2266,2,Fall,2006,2,1,8
2267,1,Spring,2000,7,11,3
2268,1,Spring,2006,18,2,2
2268,2,Fall,2001,18,2,1
2269,1,Spring,2005,11,2,4
2269,2,Fall,2004,11,2,7
2270,1,Spring,2006,18,18,5
2270,2,Spring,2003,18,15,1
2271,1,Spring,2005,19,4,3
2271,2,Fall,2013,19,4,1
2272,1,Fall,2011,7,19,3
2272,2,Fall,2008,7,6,15
2273,1,Spring,2014,19,2,11
2273,2,Spring,2013,19,8,9
2274,1,Fall,2013,18,12,2
2275,1,Fall,2000,10,1,5
2275,2,Fall,2008,10,11,8
2276,1,Spring,2006,7,17,5
2277,1,Spring,2004,19,9,14
2278,1,Spring,2007,10,2,4
2279,1,Fall,2008,2,5,2
2280,1,Spring,2008,7,14,15
2281,1,Spring,2004,2,2,10
2282,1,Spring,2009,7,9,10
2283,1,Fall,2001,19,11,4
2284,1,Spring,2007,11,5,6
2284,2,Spring,2004,11,2,15
2285,1,Spring,2014,11,6,9
2285,2,Spring,2003,11,4,3
2286,1,Fall,2002,7,2,14
2286,2,Spring,2000,7,7,1
2287,1,Fall,2014,10,10,15
2288,1,Fall,2000,7,13,8
2288,2,Fall,2004,7,5,5
2289,1,Spring,2001,7,15,2
2290,1,Fall,2002,10,10,8
2291,1,Spring,2013,11,5,13
2292,1,Fall,2012,2,4,9
2292,2,Spring,2008,2,5,1
2293,1,Fall,2001,7,14,11
2294,1,Fall,2014,18,6,16
2294,2,Fall,2011,18,23,4
2295,1,Fall,2014,11,4,3
2296,1,Fall,2007,2,3,13
2297,1,Fall,2005,11,4,16
2298,1,Fall,2015,19,3,16
2298,2,Spring,2012,19,9,14
2299,1,Spring,2003,19,9,16
2300,1,Spring,2003,19,1,13
2301,1,Spring,2006,19,11,2
2301,2,Spring,2013,19,2,1
2302,1,Fall,2010,18,10,10
2302,2,Spring,2008,18,1,13
2303,1,Spring,2014,11,3,8
2304,1,Fall,2004,2,2,5
2304,2,Fall,2012,2,3,14
2305,1,Fall,2015,7,1,13
2305,2,Fall,2010,7,11,10
2306,1,Fall,2014,2,1,4
2306,2,Fall,2012,2,6,10
2307,1,Fall,2012,19,4,6
2307,2,Spring,2002,19,7,5
2308,1,Fall,2000,10,10,6
2309,1,Spring,2014,19,9,14
2310,1,Fall,2014,11,5,16
2310,2,Fall,2010,11,3,4
2311,1,Fall,2008,18,14,2
2311,2,Spring,2013,18,5,7
2312,1,Spring,2005,2,2,5
2313,1,Spring,2007,18,5,3
2314,1,Spring,2012,2,1,2
2315,1,Spring,2007,19,2,8
2315,2,Fall,2012,19,8,11
2316,1,Spring,2004,7,17,2
2316,2,Fall,2011,7,16,2
2317,1,Fall,2007,18,20,2
2318,1,Fall,2014,19,12,10
2318,2,Spring,2012,19,7,10
2319,1,Fall,2009,11,3,16
2320,1,Fall,2012,10,10,7
2321,1,Spring,2002,11,3,2
2322,1,Spring,2014,18,9,10
2323,1,Spring,2010,18,16,1
2324,1,Fall,2011,19,6,13
2325,1,Spring,2010,10,13,12
2326,1,Spring,2010,2,2,7
2326,2,Fall,2011,2,5,13
2327,1,Fall,2005,7,2,13
2327,2,Spring,2002,7,8,5
2328,1,Fall,2009,7,16,8
2329,1,Spring,2009,2,5,9
2330,1,Fall,2006,7,10,4
2330,2,Fall,2007,7,19,9
2331,1,Spring,2012,19,7,12
2332,1,Fall,2008,2,1,15
2332,2,Fall,2013,2,1,6
2333,1,Fall,2012,18,3,15
2334,1,Fall,2004,18,5,12
2334,2,Fall,2013,18,3,10
2335,1,Spring,2006,18,8,14
2336,1,Spring,2014,19,1,5
2336,2,Fall,2008,19,3,12
2337,1,Fall,2001,19,12,3
2338,1,Fall,2001,7,15,7
2338,2,Spring,2014,7,16,6
2339,1,Fall,2000,18,17,15
2339,2,Fall,2013,18,23,16
2340,1,Fall,2006,2,5,16
2341,1,Fall,2006,18,26,6
2342,1,Fall,2008,10,13,1
2343,1,Spring,2012,10,4,14
2344,1,Fall,2003,19,9,12
2344,2,Fall,2007,19,6,13
2345,1,Fall,2000,7,19,3
2345,2,Spring,2013,7,16,16
2346,1,Spring,2006,10,13,15
2347,1,Fall,2012,2,5,5
2348,1,Spring,2004,18,1,12
2348,2,Spring,2010,18,2,2
2349,1,Fall,2007,18,24,15
2350,1,Spring,2007,2,2,7
2350,2,Fall,2011,2,2,7
2351,1,Fall,2014,18,1,4
2352,1,Spring,2003,7,14,1
2352,2,Spring,2013,7,10,3
2353,1,Fall,2003,19,5,4
2353,2,Fall,2007,19,4,7
2354,1,Spring,2004,11,1,13
2354,2,Spring,2006,11,4,11
2355,1,Spring,2009,11,2,4
2355,2,Spring,2014,11,4,14
2356,1,Spring,2008,7,2,12
2357,1,Spring,2006,7,2,7
2358,1,Spring,2005,10,2,6
2359,1,Fall,2001,18,19,1
2360,1,Spring,2001,18,20,9
2361,1,Fall,2009,10,6,5
2362,1,Fall,2014,7,11,7
2363,1,Fall,2001,7,6,4
2364,1,Spring,2010,10,10,12
2365,1,Spring,2002,10,11,3
2365,2,Spring,2009,10,6,8
2366,1,Spring,2008,2,6,6
2366,2,Spring,2006,2,4,6
2367,1,Spring,2008,2,5,7
2368,1,Spring,2004,11,4,10
2369,1,Fall,2003,18,6,2
2369,2,Spring,2007,18,25,6
2370,1,Fall,2007,19,4,16
2370,2,Fall,2001,19,8,13
2371,1,Fall,2001,18,20,15
2372,1,Spring,2007,2,5,11
2373,1,Fall,2014,10,7,4
2373,2,Spring,2004,10,8,10
2374,1,Spring,2008,19,4,5
2374,2,Fall,2006,19,7,6
2375,1,Fall,2009,2,6,8
2375,2,Spring,2007,2,4,11
2376,1,Spring,2001,18,6,3
2376,2,Spring,2007,18,27,15
2377,1,Fall,2003,10,4,6
2378,1,Spring,2011,18,11,13
2378,2,Spring,2013,18,2,7
2379,1,Fall,2001,10,2,5
2380,1,Spring,2012,2,3,12
2380,2,Fall,2009,2,6,9
2381,1,Spring,2001,19,5,5
2382,1,Spring,2003,11,3,2
2383,1,Fall,2013,11,1,7
2384,1,Spring,2004,11,5,3
2384,2,Fall,2015,11,2,5
2385,1,Fall,2011,18,3,6
2386,1,Spring,2002,18,1,7
2387,1,Fall,2000,7,18,8
2387,2,Fall,2012,7,4,4
2388,1,Fall,2000,10,13,15
2389,1,Fall,2007,10,13,16
2389,2,Fall,2015,10,5,7
2390,1,Fall,2001,7,12,3
2391,1,Spring,2005,2,5,11
2391,2,Spring,2008,2,1,10
2392,1,Fall,2002,19,11,11
2393,1,Fall,2011,11,2,8
2394,1,Fall,2001,7,13,8
2395,1,Spring,2003,11,1,13
2396,1,Fall,2008,2,3,9
2397,1,Spring,2014,2,1,13
2397,2,Spring,2009,2,6,2
2398,1,Spring,2007,10,3,15
2398,2,Fall,2011,10,13,15
2399,1,Fall,2008,2,6,10
2399,2,Fall,2003,2,4,9
2400,1,Spring,2012,2,6,7
2400,2,Fall,2011,2,4,15
2401,1,Spring,2010,19,6,14
2402,1,Fall,2011,10,12,6
2403,1,Spring,2012,2,2,1
2404,1,Fall,2012,7,18,4
2405,1,Fall,2013,2,4,4
2405,2,Fall,2014,2,4,11
2406,1,Fall,2003,10,10,9
2406,2,Fall,2007,10,9,7
2407,1,Fall,2003,2,3,15
2407,2,Spring,2003,2,4,2
2408,1,Fall,2009,10,4,4
2409,1,Fall,2015,11,4,4
2409,2,Fall,2011,11,1,12
2410,1,Spring,2011,11,6,5
2410,2,Fall,2005,11,1,10
2411,1,Spring,2003,18,9,16
2412,1,Fall,2008,19,2,8
2413,1,Spring,2015,19,7,6
2414,1,Fall,2001,2,5,8
2415,1,Spring,2004,11,5,8
2415,2,Fall,2011,11,3,13
2416,1,Spring,2005,11,5,5
2417,1,Fall,2001,7,6,1
2417,2,Spring,2012,7,19,5
2418,1,Spring,2005,19,6,12
2419,1,Spring,2001,19,9,6
2420,1,Spring,2000,11,3,8
2420,2,Spring,2000,11,2,13
2421,1,Fall,2014,10,10,3
2421,2,Spring,2011,10,4,1
2422,1,Spring,2003,19,10,3
2423,1,Fall,2012,10,11,10
2423,2,Spring,2003,10,5,9
2424,1,Fall,2010,19,3,7
2424,2,Fall,2011,19,6,1
2425,1,Fall,2013,18,21,2
2426,1,Fall,2007,7,19,9
2426,2,Spring,2015,7,18,6
2427,1,Fall,2010,7,9,14
2428,1,Spring,2011,19,10,13
2428,2,Fall,2001,19,12,7
2429,1,Fall,2006,2,6,4
2430,1,Spring,2002,7,9,10
2430,2,Fall,2012,7,16,5
2431,1,Spring,2003,18,22,13
2432,1,Fall,2003,19,9,10
2432,2,Fall,2007,19,6,1
2433,1,Fall,2015,11,2,3
2433,2,Spring,2009,11,6,13
2434,1,Spring,2011,11,4,4
2435,1,Spring,2002,18,1,2
2436,1,Spring,2005,19,10,14
2437,1,Spring,2002,7,6,11
2437,2,Spring,2015,7,11,5
2438,1,Spring,2012,19,5,15
2439,1,Fall,2012,19,6,1
2440,1,Fall,2001,2,2,1
2440,2,Spring,2006,2,6,9
2441,1,Spring,2003,7,10,14
2442,1,Fall,2010,2,4,13
2443,1,Spring,2005,2,5,8
2444,1,Spring,2008,19,10,13
2445,1,Fall,2009,18,1,15
2445,2,Fall,2014,18,7,14
2446,1,Spring,2013,7,10,8
2447,1,Fall,2008,19,3,4
2448,1,Spring,2012,10,6,13
2449,1,Fall,2008,19,8,7
2450,1,Spring,2002,18,25,11
2450,2,Fall,2004,18,23,10
2451,1,Fall,2009,7,17,10
2451,2,Spring,2013,7,13,3
2452,1,Spring,2013,10,9,4
2453,1,Fall,2005,10,1,9
2453,2,Spring,2015,10,1,12
2454,1,Spring,2008,2,6,2
2455,1,Spring,2001,2,3,12
2455,2,Spring,2012,2,1,5
2456,1,Fall,2007,7,1,7
2456,2,Spring,2009,7,3,3
2457,1,Fall,2008,19,8,1
2458,1,Spring,2001,11,4,6
2459,1,Fall,2012,10,2,13
2460,1,Spring,2008,19,6,13
2460,2,Spring,2011,19,6,1
2461,1,Spring,2002,10,6,10
2461,2,Fall,2004,10,11,7
2462,1,Fall,2005,10,10,7
2462,2,Fall,2010,10,6,6
2463,1,Fall,2014,2,6,3
2463,2,Fall,2009,2,1,9
2464,1,Fall,2002,2,3,9
2465,1,Fall,2002,19,5,11
2465,2,Fall,2000,19,7,16
2466,1,Spring,2004,11,2,11
2467,1,Fall,2008,2,6,3
2467,2,Spring,2004,2,3,6
2468,1,Spring,2002,19,9,1
2469,1,Spring,2008,11,3,4
2470,1,Fall,2012,18,25,2
2470,2,Fall,2001,18,2,9
2471,1,Spring,2008,10,13,16
2471,2,Fall,2010,10,13,9
2472,1,Fall,2009,11,1,1
2473,1,Spring,2001,7,11,16
2473,2,Fall,2012,7,19,7
2474,1,Fall,2007,2,1,15
2474,2,Spring,2015,2,6,6
2475,1,Spring,2011,10,10,16
2476,1,Spring,2011,18,5,14
2476,2,Fall,2014,18,26,15
2477,1,Spring,2007,18,3,6
2477,2,Fall,2005,18,5,4
2478,1,Fall,2010,11,4,13
2478,2,Fall,2004,11,5,12
2479,1,Fall,2008,7,13,4
2480,1,Spring,2002,7,7,6
2480,2,Fall,2003,7,16,12
2481,1,Fall,2005,11,5,7
2481,2,Spring,2001,11,6,1
2482,1,Fall,2006,11,1,7
2483,1,Spring,2008,19,4,4
2484,1,Fall,2009,7,2,5
2484,2,Fall,2001,7,15,8
2485,1,Fall,2004,19,1,2
2485,2,Spring,2003,19,11,16
2486,1,Spring,2010,11,1,4
3510,1,Spring,2004,10,13,7
3510,2,Fall,2002,10,8,1
2487,1,Fall,2004,10,4,16
2487,2,Fall,2009,10,12,2
3511,1,Fall,2005,18,12,8
3512,1,Spring,2008,11,2,9
2488,1,Fall,2009,11,1,14
2488,2,Fall,2008,11,3,11
3513,1,Spring,2009,7,18,6
3513,2,Fall,2013,7,16,15
2489,1,Fall,2004,11,6,6
3514,1,Spring,2010,19,3,3
2490,1,Spring,2000,19,5,15
2490,2,Spring,2004,19,5,3
3515,1,Spring,2005,18,22,1
3515,2,Spring,2004,18,15,1
2491,1,Fall,2015,18,2,6
3516,1,Fall,2003,11,4,15
3516,2,Fall,2003,11,3,12
2492,1,Fall,2014,10,8,13
3517,1,Spring,2009,7,15,5
3517,2,Fall,2015,7,15,8
2493,1,Fall,2006,2,2,9
3518,1,Spring,2009,18,13,9
3518,2,Fall,2008,18,21,13
2494,1,Spring,2010,18,6,1
2494,2,Spring,2009,18,15,14
3519,1,Fall,2006,2,1,3
3519,2,Spring,2012,2,6,4
2495,1,Fall,2004,18,14,10
2495,2,Fall,2010,18,10,10
3520,1,Spring,2004,7,15,12
3521,1,Fall,2014,2,4,1
3521,2,Spring,2003,2,5,9
2496,1,Fall,2008,7,19,3
2496,2,Spring,2012,7,1,8
3522,1,Fall,2009,19,5,12
2497,1,Fall,2015,18,4,12
3523,1,Fall,2013,18,3,3
3523,2,Fall,2001,18,17,4
2498,1,Spring,2005,18,4,5
2498,2,Fall,2004,18,11,3
3524,1,Spring,2000,10,9,15
3525,1,Spring,2014,10,1,12
3526,1,Fall,2000,11,6,7
3527,1,Fall,2011,7,16,6
3528,1,Fall,2010,7,8,11
3528,2,Fall,2005,7,4,3
3529,1,Fall,2005,2,6,12
3530,1,Fall,2001,10,3,16
3530,2,Fall,2011,10,10,15
3531,1,Fall,2009,19,12,7
3531,2,Spring,2008,19,8,1
3532,1,Fall,2013,2,2,15
3533,1,Fall,2003,18,13,3
3534,1,Spring,2002,2,2,10
3535,1,Spring,2007,10,8,5
3536,1,Fall,2009,19,5,12
3536,2,Spring,2015,19,2,6
3537,1,Spring,2006,11,3,10
3538,1,Spring,2000,11,1,16
3538,2,Fall,2013,11,4,14
3539,1,Spring,2015,19,12,16
3539,2,Spring,2010,19,1,12
3540,1,Fall,2005,7,17,9
3540,2,Spring,2004,7,10,5
3541,1,Spring,2008,2,2,14
3542,1,Fall,2012,10,4,7
3543,1,Spring,2014,10,6,8
3543,2,Spring,2012,10,1,3
3544,1,Spring,2015,2,5,2
3545,1,Spring,2000,10,11,3
3546,1,Fall,2007,19,11,15
3546,2,Spring,2005,19,6,12
3547,1,Spring,2003,11,6,15
3547,2,Spring,2002,11,4,5
3548,1,Fall,2004,11,3,9
3549,1,Fall,2011,2,3,4
3550,1,Fall,2006,10,2,14
3550,2,Fall,2014,10,1,7
3551,1,Fall,2009,7,8,6
3551,2,Fall,2003,7,7,2
3552,1,Fall,2001,19,10,3
3552,2,Spring,2004,19,10,12
3553,1,Spring,2015,2,6,10
3553,2,Fall,2014,2,2,1
3554,1,Fall,2007,11,3,4
3554,2,Fall,2004,11,3,10
3555,1,Spring,2008,7,12,5
3555,2,Fall,2010,7,2,13
3556,1,Spring,2013,10,4,3
3556,2,Spring,2000,10,12,1
3557,1,Spring,2010,11,6,15
3558,1,Fall,2011,18,15,6
3559,1,Spring,2013,10,8,8
3560,1,Spring,2014,7,6,13
3560,2,Spring,2005,7,6,5
3561,1,Fall,2012,10,1,13
3562,1,Fall,2010,19,6,3
3563,1,Fall,2011,2,4,12
3564,1,Fall,2000,19,4,8
3565,1,Fall,2014,18,6,3
3565,2,Spring,2008,18,26,2
3566,1,Spring,2001,2,6,6
3566,2,Spring,2004,2,2,1
3567,1,Spring,2014,19,11,2
3567,2,Fall,2008,19,1,16
3568,1,Spring,2007,2,4,8
3569,1,Spring,2001,19,5,7
3570,1,Spring,2009,2,6,13
3571,1,Spring,2007,7,13,10
3572,1,Fall,2006,18,13,12
3573,1,Fall,2011,19,10,15
3184,1,Spring,2013,18,18,7
3184,2,Fall,2003,18,9,7
3574,1,Spring,2004,7,12,8
3575,1,Fall,2000,18,1,2
3575,2,Spring,2008,18,8,15
3185,1,Fall,2007,11,3,9
3576,1,Fall,2010,19,7,9
3186,1,Fall,2008,19,10,12
3577,1,Fall,2014,7,18,5
3187,1,Spring,2013,2,5,2
3187,2,Fall,2012,2,3,3
3578,1,Spring,2004,2,4,8
3188,1,Fall,2004,7,6,12
3188,2,Spring,2009,7,2,15
3579,1,Fall,2011,11,2,15
3189,1,Fall,2005,2,2,2
3580,1,Fall,2014,2,4,13
3580,2,Spring,2005,2,6,15
3190,1,Spring,2009,7,11,16
3581,1,Spring,2009,2,6,1
3191,1,Fall,2000,7,4,15
3582,1,Spring,2001,7,13,3
3192,1,Spring,2003,2,2,6
3583,1,Spring,2010,18,18,4
3193,1,Spring,2003,7,16,5
3193,2,Fall,2009,7,10,5
3584,1,Spring,2014,19,7,12
3194,1,Fall,2003,2,4,13
3194,2,Fall,2011,2,6,13
3585,1,Fall,2008,18,20,13
3585,2,Fall,2013,18,4,15
3195,1,Fall,2003,19,10,9
3195,2,Fall,2003,19,5,8
3586,1,Spring,2004,11,2,15
3586,2,Spring,2006,11,2,4
3196,1,Spring,2005,11,3,9
3587,1,Spring,2008,10,8,9
3197,1,Spring,2015,2,5,7
3588,1,Spring,2011,11,3,11
3198,1,Spring,2014,7,7,16
3198,2,Spring,2005,7,17,5
3589,1,Spring,2013,7,2,1
3589,2,Spring,2010,7,13,5
3199,1,Fall,2011,11,3,7
3199,2,Fall,2014,11,4,6
3590,1,Spring,2003,19,8,10
3590,2,Fall,2010,19,2,6
3200,1,Spring,2010,10,12,12
3591,1,Fall,2015,19,1,2
3591,2,Spring,2003,19,9,15
3201,1,Fall,2008,7,13,9
3592,1,Spring,2007,2,5,2
3592,2,Fall,2001,2,4,16
3202,1,Spring,2005,18,4,4
3202,2,Spring,2005,18,21,14
3593,1,Spring,2002,19,6,7
3593,2,Spring,2013,19,6,15
3203,1,Spring,2001,2,1,12
3203,2,Fall,2003,2,6,5
3594,1,Spring,2006,7,13,16
3204,1,Fall,2007,19,12,14
3595,1,Spring,2013,18,19,12
3595,2,Fall,2011,18,23,8
3205,1,Spring,2001,7,10,13
3205,2,Fall,2009,7,9,10
3596,1,Fall,2002,19,9,8
3206,1,Spring,2005,11,3,5
3206,2,Fall,2014,11,6,16
3597,1,Fall,2011,10,8,3
3597,2,Spring,2013,10,2,8
3207,1,Fall,2004,19,10,15
3207,2,Fall,2006,19,3,4
3598,1,Spring,2005,7,13,7
3598,2,Fall,2008,7,13,14
3208,1,Fall,2011,10,13,14
3599,1,Fall,2014,18,7,9
3599,2,Spring,2013,18,14,15
3209,1,Fall,2008,2,4,12
3600,1,Spring,2010,19,1,12
3600,2,Fall,2012,19,7,12
3210,1,Fall,2004,10,7,12
3601,1,Fall,2011,7,13,8
3211,1,Fall,2012,19,3,5
3211,2,Fall,2008,19,4,12
3602,1,Spring,2005,19,3,5
3212,1,Fall,2011,10,2,1
3212,2,Spring,2005,10,12,9
3603,1,Spring,2000,18,2,13
3213,1,Spring,2006,2,2,12
3604,1,Fall,2011,7,3,11
3605,1,Spring,2005,10,3,6
3214,1,Fall,2015,7,7,15
3214,2,Spring,2001,7,15,7
3606,1,Spring,2011,11,2,6
3215,1,Spring,2000,2,6,9
3607,1,Fall,2000,11,6,7
3216,1,Fall,2009,7,3,9
3216,2,Fall,2009,7,17,8
3608,1,Fall,2015,7,15,13
3217,1,Spring,2015,7,8,13
3609,1,Spring,2003,19,3,8
3218,1,Fall,2003,11,3,14
3218,2,Spring,2015,11,5,8
3610,1,Spring,2002,10,2,13
3610,2,Spring,2007,10,7,1
3219,1,Fall,2004,19,11,11
3219,2,Fall,2008,19,3,14
3611,1,Fall,2000,10,11,5
3220,1,Fall,2008,18,19,13
3612,1,Spring,2003,11,2,5
3612,2,Spring,2006,11,2,2
3221,1,Fall,2004,11,2,16
3221,2,Spring,2014,11,5,15
3613,1,Fall,2004,2,5,7
3613,2,Spring,2004,2,5,11
3222,1,Fall,2002,10,3,16
3222,2,Fall,2011,10,9,13
3614,1,Spring,2014,10,4,13
3614,2,Fall,2000,10,1,10
3223,1,Spring,2010,18,6,1
3615,1,Spring,2009,19,10,9
3615,2,Fall,2002,19,8,16
3224,1,Fall,2013,19,9,5
3224,2,Spring,2007,19,3,12
3616,1,Spring,2000,18,1,6
3616,2,Fall,2015,18,9,1
3225,1,Spring,2003,18,1,16
3225,2,Fall,2010,18,12,11
3617,1,Fall,2014,19,11,4
3226,1,Spring,2011,18,16,10
3618,1,Fall,2015,19,10,14
3618,2,Fall,2008,19,1,11
3227,1,Spring,2013,7,1,6
3619,1,Fall,2013,11,2,5
3619,2,Spring,2009,11,4,6
3228,1,Spring,2000,19,11,14
3228,2,Fall,2015,19,7,3
3620,1,Spring,2006,7,18,6
3229,1,Fall,2001,2,5,8
3621,1,Spring,2003,11,1,16
3230,1,Spring,2009,19,11,10
3230,2,Fall,2007,19,3,8
3622,1,Fall,2014,18,13,14
3622,2,Fall,2000,18,25,8
3231,1,Fall,2014,7,10,10
3231,2,Fall,2010,7,5,14
3623,1,Spring,2015,7,10,14
3232,1,Spring,2007,7,6,3
3232,2,Fall,2014,7,17,2
3624,1,Spring,2000,19,12,5
3624,2,Fall,2011,19,4,16
3233,1,Spring,2014,2,6,15
3233,2,Fall,2000,2,1,13
3625,1,Fall,2004,18,20,9
3234,1,Spring,2004,19,6,13
3626,1,Spring,2003,18,2,11
3235,1,Spring,2003,7,5,4
3235,2,Spring,2008,7,3,4
3627,1,Spring,2001,2,1,16
3236,1,Fall,2002,18,13,16
3236,2,Spring,2000,18,1,6
3628,1,Fall,2007,18,2,1
3628,2,Fall,2014,18,5,9
3237,1,Spring,2013,10,4,1
3237,2,Fall,2009,10,13,3
3629,1,Spring,2000,7,16,16
3238,1,Spring,2000,11,6,4
3238,2,Spring,2008,11,5,9
3630,1,Fall,2005,10,4,8
3239,1,Fall,2013,19,9,16
3631,1,Spring,2011,10,13,6
3631,2,Fall,2012,10,9,13
3240,1,Spring,2003,19,5,2
3240,2,Fall,2013,19,1,2
3632,1,Spring,2004,7,2,4
3241,1,Fall,2013,10,4,11
3241,2,Fall,2002,10,2,13
3633,1,Spring,2001,18,17,2
3633,2,Fall,2013,18,25,4
3242,1,Fall,2010,10,8,15
3243,1,Spring,2014,11,5,1
3244,1,Spring,2015,2,2,1
3634,1,Fall,2005,7,10,10
3245,1,Spring,2012,11,1,14
3635,1,Fall,2002,19,2,5
3246,1,Spring,2013,19,11,7
3246,2,Spring,2010,19,4,11
3247,1,Spring,2000,2,1,6
3247,2,Spring,2001,2,1,3
3636,1,Fall,2013,19,12,4
3636,2,Fall,2008,19,7,15
3637,1,Fall,2015,19,9,16
3637,2,Fall,2015,19,9,10
3248,1,Spring,2005,7,15,3
3638,1,Spring,2004,11,1,8
3249,1,Fall,2001,19,10,3
3639,1,Spring,2001,7,7,15
3639,2,Fall,2006,7,7,5
3250,1,Fall,2002,7,18,3
3250,2,Spring,2013,7,5,4
3640,1,Spring,2011,10,12,8
3251,1,Fall,2012,11,4,13
3641,1,Fall,2002,11,2,14
3252,1,Fall,2012,10,3,4
3252,2,Fall,2007,10,6,2
3642,1,Spring,2013,2,6,1
3642,2,Spring,2002,2,6,6
3253,1,Spring,2009,18,13,5
3643,1,Spring,2004,10,9,3
3643,2,Spring,2002,10,10,16
3254,1,Spring,2005,10,12,14
3254,2,Fall,2009,10,3,4
3644,1,Fall,2006,2,3,5
3644,2,Fall,2012,2,5,13
3255,1,Fall,2005,2,1,12
3645,1,Spring,2002,11,3,10
3645,2,Spring,2011,11,5,11
3256,1,Fall,2008,19,8,12
3646,1,Spring,2001,18,10,3
3646,2,Spring,2010,18,2,12
3257,1,Fall,2001,11,3,9
3257,2,Spring,2010,11,5,15
3647,1,Spring,2006,19,5,15
3647,2,Spring,2006,19,3,1
3258,1,Fall,2006,11,4,8
3648,1,Fall,2013,19,3,2
3649,1,Fall,2009,2,5,6
3649,2,Spring,2004,2,3,12
3650,1,Fall,2015,11,2,13
3650,2,Spring,2013,11,6,6
3651,1,Spring,2009,11,2,2
3652,1,Spring,2001,18,9,7
3652,2,Fall,2006,18,10,7
3653,1,Spring,2006,11,5,4
3653,2,Spring,2002,11,4,6
3654,1,Fall,2015,7,16,5
3654,2,Fall,2012,7,15,3
3655,1,Spring,2004,11,6,4
3655,2,Spring,2012,11,2,2
3656,1,Spring,2003,10,6,10
3657,1,Fall,2005,11,5,4
3657,2,Fall,2005,11,6,14
3658,1,Fall,2012,10,6,11
3658,2,Fall,2010,10,11,13
3659,1,Fall,2006,2,5,15
3660,1,Spring,2007,19,12,14
3661,1,Spring,2008,19,1,5
3662,1,Spring,2004,11,4,6
3662,2,Spring,2010,11,6,16
3663,1,Spring,2011,18,23,9
3663,2,Fall,2014,18,4,2
3664,1,Fall,2009,18,24,3
3664,2,Spring,2011,18,25,11
3665,1,Spring,2005,7,1,15
3666,1,Fall,2011,18,6,12
3666,2,Fall,2008,18,14,16
3667,1,Spring,2001,10,8,15
3668,1,Spring,2012,18,20,15
3668,2,Fall,2009,18,7,12
3669,1,Fall,2005,7,14,1
3670,1,Spring,2002,18,24,16
3670,2,Fall,2005,18,23,5
3671,1,Spring,2013,2,6,13
3671,2,Fall,2010,2,5,2
3672,1,Fall,2004,18,22,8
3673,1,Fall,2014,19,7,3
3673,2,Spring,2004,19,10,2
3674,1,Fall,2003,2,5,13
3674,2,Spring,2003,2,5,9
3675,1,Fall,2015,10,4,6
3676,1,Fall,2000,18,20,9
3676,2,Fall,2002,18,1,4
3677,1,Spring,2006,19,1,10
3677,2,Spring,2001,19,6,5
3678,1,Spring,2001,19,10,13
3678,2,Fall,2013,19,12,8
3679,1,Spring,2003,10,13,9
3680,1,Fall,2014,2,4,4
3681,1,Fall,2011,18,24,7
3682,1,Fall,2007,7,5,2
3683,1,Spring,2005,10,1,10
3683,2,Fall,2005,10,6,3
3684,1,Fall,2001,19,10,16
3684,2,Spring,2000,19,10,5
3685,1,Fall,2007,7,17,1
3685,2,Fall,2006,7,8,8
3686,1,Spring,2011,19,3,9
3687,1,Fall,2012,19,1,10
3687,2,Fall,2002,19,7,10
3688,1,Spring,2003,10,7,3
3688,2,Fall,2013,10,5,2
3689,1,Fall,2008,2,3,5
3690,1,Fall,2003,10,7,12
3690,2,Spring,2009,10,7,6
3691,1,Spring,2001,18,10,14
3691,2,Fall,2002,18,6,5
3692,1,Fall,2015,11,2,1
3692,2,Fall,2009,11,5,2
3693,1,Fall,2008,19,11,9
3694,1,Fall,2005,7,4,15
3695,1,Spring,2000,19,12,5
3696,1,Spring,2003,18,2,6
3697,1,Spring,2015,10,9,1
3698,1,Spring,2000,11,6,1
3698,2,Fall,2011,11,6,5
3699,1,Fall,2015,10,7,5
3699,2,Fall,2000,10,10,13
3700,1,Spring,2008,7,14,9
3700,2,Spring,2011,7,1,8
3701,1,Fall,2001,19,5,13
3702,1,Fall,2014,2,2,8
3702,2,Spring,2013,2,3,11
3703,1,Spring,2001,2,4,11
3704,1,Spring,2013,11,6,12
3705,1,Spring,2005,2,1,15
3705,2,Fall,2005,2,4,3
3706,1,Fall,2014,2,3,13
3707,1,Fall,2010,10,7,14
3707,2,Spring,2010,10,3,4
3708,1,Spring,2007,2,4,4
3708,2,Fall,2000,2,4,13
3709,1,Fall,2004,19,7,15
3709,2,Fall,2000,19,3,16
3710,1,Spring,2006,19,11,7
3710,2,Spring,2002,19,5,1
3711,1,Spring,2014,10,9,14
3711,2,Spring,2003,10,1,11
3712,1,Fall,2000,19,8,1
3713,1,Fall,2011,18,6,13
3713,2,Spring,2011,18,17,4
3714,1,Spring,2002,10,10,14
3715,1,Fall,2012,2,5,16
3716,1,Spring,2002,7,6,10
3716,2,Spring,2009,7,15,3
3717,1,Fall,2007,7,16,9
3717,2,Spring,2012,7,13,16
3718,1,Spring,2006,19,4,1
3718,2,Fall,2011,19,4,6
3719,1,Spring,2012,2,2,13
3719,2,Fall,2003,2,2,15
3720,1,Fall,2012,19,6,16
3721,1,Spring,2009,2,5,10
3722,1,Spring,2006,10,1,5
3723,1,Spring,2011,18,25,9
3724,1,Fall,2015,2,3,3
3724,2,Spring,2002,2,3,3
3725,1,Fall,2002,18,27,6
3726,1,Spring,2012,19,10,11
3727,1,Fall,2005,7,17,6
3727,2,Fall,2005,7,19,5
3728,1,Spring,2006,19,6,15
3728,2,Spring,2013,19,5,7
3729,1,Spring,2013,10,1,8
3729,2,Spring,2003,10,8,10
3730,1,Spring,2012,18,14,7
3731,1,Fall,2006,18,10,6
3732,1,Spring,2014,7,16,3
3732,2,Fall,2003,7,18,6
3733,1,Fall,2005,2,1,9
3733,2,Fall,2003,2,3,7
3734,1,Fall,2015,18,11,7
3734,2,Fall,2009,18,5,6
3735,1,Spring,2005,11,1,9
3735,2,Spring,2012,11,1,1
3736,1,Fall,2002,18,4,5
3737,1,Spring,2004,7,12,16
3738,1,Spring,2008,7,18,5
3739,1,Fall,2011,19,11,4
3739,2,Spring,2015,19,11,11
3740,1,Fall,2011,11,2,12
3741,1,Fall,2013,2,3,11
3742,1,Fall,2007,2,6,16
3742,2,Fall,2000,2,2,5
3743,1,Spring,2015,7,18,16
3744,1,Spring,2002,2,1,4
3744,2,Spring,2012,2,2,9
3745,1,Fall,2004,18,11,16
3745,2,Fall,2011,18,9,4
3746,1,Spring,2003,2,2,6
3746,2,Fall,2012,2,5,2
3747,1,Fall,2015,7,15,7
3747,2,Spring,2002,7,8,7
3748,1,Spring,2007,7,3,13
3748,2,Spring,2008,7,8,10
3749,1,Fall,2007,11,1,15
3750,1,Fall,2013,11,5,8
3751,1,Spring,2001,10,8,1
3751,2,Spring,2005,10,10,11
3752,1,Spring,2008,7,18,2
3753,1,Fall,2009,18,15,9
3754,1,Spring,2013,19,11,11
3755,1,Spring,2002,7,1,16
3756,1,Fall,2004,10,6,1
3757,1,Fall,2010,18,9,3
3757,2,Spring,2001,18,20,14
3758,1,Fall,2003,7,3,5
3759,1,Spring,2004,11,3,13
3759,2,Spring,2008,11,5,13
3760,1,Spring,2004,11,5,3
3761,1,Spring,2002,19,9,8
3761,2,Spring,2013,19,7,1
3762,1,Fall,2013,2,5,12
3763,1,Spring,2011,11,4,4
3764,1,Spring,2009,7,19,8
3765,1,Spring,2010,19,5,8
3766,1,Fall,2001,18,5,10
3767,1,Spring,2015,11,2,9
3767,2,Fall,2009,11,3,15
3768,1,Fall,2014,11,5,13
3769,1,Spring,2000,2,1,1
3770,1,Fall,2007,2,6,16
3770,2,Spring,2004,2,2,11
3771,1,Spring,2015,19,10,16
3772,1,Fall,2002,19,7,8
3772,2,Spring,2006,19,4,13
3773,1,Spring,2005,18,10,11
3773,2,Fall,2000,18,2,12
3774,1,Spring,2014,19,4,7
3775,1,Fall,2008,11,6,16
3776,1,Fall,2009,11,4,1
3776,2,Spring,2010,11,3,7
3777,1,Spring,2008,7,14,3
3777,2,Fall,2001,7,13,6
3778,1,Spring,2004,11,1,7
3779,1,Fall,2014,19,3,10
3779,2,Spring,2007,19,12,5
3780,1,Spring,2015,11,3,5
3781,1,Fall,2007,19,1,4
3782,1,Spring,2012,7,16,5
3783,1,Spring,2010,11,2,6
3784,1,Fall,2012,18,2,2
3784,2,Spring,2001,18,11,3
3785,1,Spring,2010,19,7,15
3785,2,Fall,2000,19,8,1
3786,1,Fall,2011,19,7,2
3787,1,Spring,2000,19,1,2
3788,1,Spring,2004,10,9,9
3788,2,Fall,2011,10,1,12
3789,1,Fall,2010,2,2,4
3789,2,Fall,2012,2,6,12
3790,1,Fall,2008,7,10,16
3790,2,Fall,2007,7,9,1
3791,1,Spring,2000,2,2,12
3791,2,Spring,2005,2,1,16
3792,1,Fall,2008,2,2,13
3792,2,Fall,2012,2,4,4
3793,1,Spring,2000,11,2,13
3793,2,Spring,2010,11,2,3
3794,1,Spring,2014,11,1,4
3795,1,Fall,2011,7,11,13
3795,2,Fall,2012,7,7,1
3796,1,Fall,2012,7,8,11
3796,2,Fall,2004,7,14,1
3797,1,Spring,2009,18,14,12
3797,2,Fall,2001,18,13,14
3798,1,Spring,2014,19,8,12
3799,1,Spring,2005,2,5,1
3799,2,Fall,2014,2,5,9
3800,1,Spring,2006,10,2,4
3800,2,Spring,2012,10,5,13
3801,1,Spring,2010,2,5,9
3802,1,Fall,2014,2,1,2
3803,1,Spring,2014,2,4,1
3804,1,Spring,2014,11,5,15
3804,2,Fall,2012,11,6,6
3805,1,Spring,2002,19,7,13
3805,2,Spring,2006,19,4,14
3806,1,Spring,2004,18,4,13
3806,2,Fall,2007,18,11,13
3807,1,Spring,2014,19,8,2
3807,2,Spring,2013,19,3,12
3808,1,Fall,2015,10,6,4
3809,1,Fall,2007,18,26,3
3810,1,Fall,2011,7,2,12
3811,1,Spring,2015,11,3,13
3812,1,Fall,2003,19,8,3
3813,1,Spring,2003,2,6,10
3814,1,Fall,2004,19,12,10
3814,2,Spring,2004,19,10,12
3815,1,Spring,2008,10,3,6
3815,2,Spring,2001,10,10,16
3816,1,Fall,2006,11,5,6
3816,2,Fall,2014,11,6,8
3817,1,Spring,2009,10,8,6
3818,1,Fall,2006,2,1,1
3819,1,Spring,2011,18,26,8
3819,2,Spring,2012,18,20,4
3820,1,Fall,2005,10,2,6
3821,1,Fall,2011,18,23,9
3821,2,Fall,2015,18,14,16
3822,1,Spring,2000,7,11,4
3823,1,Fall,2003,19,4,2
3824,1,Fall,2013,10,1,13
3824,2,Spring,2014,10,9,6
3825,1,Spring,2000,10,3,2
3825,2,Fall,2011,10,8,2
3826,1,Spring,2001,10,13,15
3827,1,Spring,2002,19,12,11
3827,2,Spring,2000,19,4,14
3828,1,Fall,2014,2,6,8
3829,1,Spring,2012,7,9,2
3829,2,Spring,2004,7,7,16
3830,1,Spring,2007,18,5,14
3830,2,Fall,2006,18,17,14
3831,1,Spring,2011,2,4,8
3832,1,Spring,2009,19,12,11
3832,2,Spring,2011,19,3,3
3833,1,Fall,2000,18,16,7
3834,1,Spring,2015,18,18,13
3834,2,Spring,2000,18,12,4
3835,1,Fall,2010,11,4,2
3835,2,Spring,2005,11,1,1
3836,1,Fall,2013,11,2,13
3837,1,Fall,2005,2,6,3
3838,1,Spring,2010,2,1,6
3839,1,Spring,2000,18,19,15
3839,2,Fall,2002,18,4,12
3840,1,Fall,2001,19,7,14
3840,2,Spring,2002,19,9,6
3841,1,Fall,2004,7,4,7
3841,2,Spring,2011,7,9,14
3842,1,Spring,2010,18,4,7
3843,1,Fall,2004,19,10,12
3844,1,Fall,2015,18,20,2
3844,2,Fall,2015,18,11,15
3845,1,Spring,2012,11,3,8
3845,2,Fall,2009,11,5,4
3846,1,Spring,2013,11,1,8
3847,1,Spring,2013,19,1,3
3847,2,Spring,2010,19,10,13
3848,1,Fall,2006,7,2,13
3849,1,Fall,2015,2,5,8
3849,2,Fall,2003,2,5,9
3850,1,Fall,2015,2,1,4
3851,1,Fall,2007,11,4,5
3851,2,Fall,2009,11,3,2
3852,1,Fall,2003,11,5,4
3853,1,Spring,2012,2,4,5
3854,1,Spring,2009,19,7,3
3855,1,Fall,2004,11,6,5
3856,1,Spring,2003,18,16,7
3856,2,Spring,2005,18,4,2
3857,1,Spring,2002,11,2,8
3858,1,Spring,2015,10,8,10
3859,1,Fall,2013,19,10,14
3860,1,Fall,2006,19,9,2
3860,2,Spring,2006,19,4,12
3861,1,Spring,2002,18,10,5
3861,2,Fall,2007,18,14,3
3862,1,Spring,2011,2,4,8
3862,2,Fall,2012,2,2,14
3863,1,Spring,2010,19,10,11
3864,1,Fall,2008,11,6,7
3865,1,Fall,2001,11,4,9
3866,1,Fall,2011,2,5,15
3866,2,Spring,2004,2,5,6
3867,1,Spring,2014,18,8,16
3868,1,Spring,2012,7,18,5
3869,1,Fall,2012,2,6,2
3869,2,Fall,2011,2,5,1
3870,1,Fall,2015,19,11,6
3871,1,Spring,2015,10,10,10
3872,1,Fall,2004,2,2,11
3872,2,Fall,2009,2,6,11
3873,1,Fall,2000,10,12,12
3874,1,Spring,2002,19,2,14
3874,2,Fall,2006,19,2,5
3875,1,Fall,2005,10,1,7
3876,1,Fall,2007,18,23,6
3876,2,Spring,2010,18,15,4
3877,1,Fall,2005,18,15,8
3877,2,Fall,2007,18,3,10
3878,1,Fall,2001,11,6,6
3879,1,Fall,2003,11,5,6
3879,2,Spring,2005,11,4,6
3880,1,Spring,2002,7,13,9
3880,2,Spring,2011,7,1,15
3881,1,Spring,2005,19,7,14
3882,1,Fall,2000,18,1,11
3882,2,Fall,2011,18,20,12
3883,1,Fall,2000,11,4,1
3884,1,Fall,2014,19,6,11
3884,2,Spring,2011,19,1,1
3885,1,Fall,2012,2,4,11
3886,1,Fall,2004,2,5,9
3887,1,Spring,2002,11,3,5
3887,2,Fall,2014,11,1,9
3888,1,Spring,2006,7,1,9
3888,2,Spring,2008,7,14,8
3889,1,Fall,2007,7,16,15
3889,2,Spring,2007,7,9,2
3890,1,Fall,2008,7,10,8
3890,2,Spring,2003,7,4,5
3891,1,Spring,2000,18,16,14
3892,1,Spring,2015,10,4,6
3893,1,Spring,2001,10,12,5
