198,1,1,Fall,2000
401,501,1,Fall,2012
23,1001,1,Spring,2014
23,502,1,Fall,2003
35,502,2,Fall,2009
692,503,1,Fall,2008
706,503,2,Spring,2012
116,504,1,Fall,2000
39,505,1,Fall,2012
825,506,1,Fall,2005
109,507,1,Fall,2010
275,507,2,Spring,2009
843,508,1,Fall,2013
220,508,2,Fall,2014
244,509,1,Spring,2005
711,509,2,Spring,2015
440,510,1,Fall,2010
491,511,1,Fall,2009
541,511,2,Fall,2005
53,512,1,Fall,2014
461,513,1,Fall,2013
119,514,1,Fall,2002
419,514,2,Fall,2012
487,515,1,Spring,2007
82,516,1,Fall,2012
440,517,1,Spring,2013
233,517,2,Spring,2000
960,518,1,Spring,2009
180,518,2,Spring,2008
464,519,1,Fall,2006
893,519,2,Spring,2011
370,520,1,Spring,2007
460,520,2,Fall,2008
829,521,1,Spring,2006
327,521,2,Fall,2015
75,522,1,Fall,2009
775,523,1,Fall,2007
187,524,1,Spring,2008
907,525,1,Fall,2006
603,526,1,Fall,2012
141,526,2,Fall,2006
521,527,1,Fall,2006
202,527,2,Spring,2015
508,528,1,Spring,2011
159,529,1,Spring,2011
215,529,2,Spring,2012
487,530,1,Fall,2004
129,530,2,Fall,2000
528,531,1,Spring,2012
989,532,1,Spring,2009
837,533,1,Fall,2009
219,534,1,Fall,2000
397,535,1,Fall,2007
814,536,1,Fall,2000
941,536,2,Spring,2007
561,537,1,Spring,2010
707,537,2,Spring,2000
731,538,1,Spring,2015
556,539,1,Fall,2015
289,540,1,Spring,2004
832,1501,1,Fall,2007
671,541,1,Spring,2002
194,541,2,Spring,2006
743,542,1,Fall,2003
56,543,1,Fall,2013
878,2501,1,Fall,2000
847,2501,2,Fall,2010
753,2502,1,Spring,2010
976,2503,1,Fall,2006
125,2503,2,Fall,2015
677,2504,1,Spring,2012
54,2505,1,Spring,2010
308,2506,1,Spring,2002
630,2506,2,Fall,2005
172,2507,1,Spring,2006
37,2508,1,Spring,2007
49,2509,1,Spring,2013
159,2510,1,Spring,2008
655,2511,1,Fall,2009
330,2511,2,Spring,2012
158,2512,1,Fall,2005
762,2512,2,Spring,2000
770,2513,1,Fall,2013
456,2514,1,Fall,2011
774,2514,2,Fall,2015
842,2515,1,Fall,2012
123,2515,2,Fall,2015
318,2516,1,Fall,2007
348,2517,1,Spring,2014
973,2517,2,Spring,2010
820,2518,1,Fall,2008
740,2519,1,Fall,2010
68,2520,1,Fall,2013
200,2521,1,Fall,2011
434,2522,1,Fall,2009
59,2523,1,Spring,2013
255,2524,1,Spring,2000
221,2524,2,Spring,2013
97,2525,1,Spring,2015
373,2525,2,Spring,2014
265,2526,1,Spring,2009
173,2527,1,Spring,2012
856,2527,2,Spring,2001
551,2528,1,Fall,2011
94,2529,1,Fall,2015
982,2530,1,Spring,2001
754,2531,1,Fall,2011
198,2531,2,Spring,2000
163,2532,1,Spring,2002
433,2533,1,Spring,2013
436,2534,1,Spring,2015
51,2535,1,Fall,2002
324,2535,2,Spring,2015
665,2536,1,Fall,2006
616,3001,1,Fall,2004
518,2537,1,Spring,2006
228,2537,2,Spring,2003
378,2538,1,Spring,2010
82,3002,1,Spring,2002
851,2539,1,Spring,2013
587,2539,2,Fall,2007
743,3003,1,Fall,2005
111,2540,1,Spring,2013
231,2540,2,Fall,2005
221,3004,1,Spring,2001
507,3501,1,Fall,2014
384,3501,2,Spring,2013
609,2001,1,Spring,2011
412,2001,2,Spring,2007
783,3502,1,Spring,2008
741,3502,2,Spring,2003
131,3503,1,Fall,2015
272,3503,2,Fall,2001
340,3504,1,Fall,2007
552,3504,2,Fall,2009
373,3505,1,Spring,2003
991,3505,2,Fall,2013
101,3506,1,Spring,2006
513,3506,2,Fall,2004
241,3507,1,Spring,2007
499,3508,1,Fall,2005
535,2002,1,Spring,2011
258,2003,1,Spring,2006
182,2003,2,Spring,2008
792,2004,1,Fall,2011
819,2005,1,Fall,2002
372,2005,2,Spring,2015
213,2006,1,Spring,2008
538,2007,1,Spring,2007
848,2007,2,Spring,2001
43,2008,1,Fall,2008
204,2008,2,Spring,2009
297,2009,1,Fall,2010
258,2010,1,Spring,2002
60,2011,1,Fall,2009
426,2012,1,Fall,2010
122,2012,2,Fall,2008
49,2013,1,Spring,2000
550,2014,1,Spring,2003
462,2014,2,Spring,2000
885,2015,1,Fall,2007
587,2015,2,Spring,2015
674,2016,1,Spring,2001
344,2017,1,Spring,2003
618,2017,2,Fall,2008
557,2018,1,Fall,2006
649,2019,1,Fall,2009
857,2020,1,Spring,2007
968,2020,2,Fall,2001
680,2021,1,Spring,2015
611,2022,1,Spring,2005
238,2023,1,Spring,2009
107,2024,1,Fall,2009
361,2024,2,Fall,2003
194,2025,1,Fall,2015
638,2026,1,Fall,2012
730,2027,1,Fall,2000
434,2028,1,Fall,2015
452,2029,1,Spring,2009
543,2029,2,Fall,2001
805,2030,1,Fall,2003
794,2030,2,Spring,2000
955,2031,1,Fall,2014
823,2031,2,Fall,2014
772,2032,1,Spring,2005
149,2032,2,Fall,2008
800,2033,1,Spring,2013
248,2034,1,Fall,2002
663,2034,2,Fall,2005
606,2035,1,Fall,2006
995,2035,2,Spring,2012
591,2036,1,Spring,2009
480,2036,2,Spring,2011
678,2037,1,Fall,2015
247,2037,2,Fall,2001
859,2038,1,Fall,2001
802,2038,2,Spring,2001
246,2039,1,Spring,2002
438,2040,1,Spring,2002
441,2041,1,Spring,2000
761,2042,1,Spring,2014
875,2043,1,Fall,2006
812,2044,1,Spring,2003
951,2044,2,Fall,2003
648,2045,1,Fall,2002
970,2046,1,Fall,2010
976,2047,1,Spring,2011
121,2047,2,Fall,2006
441,2048,1,Spring,2002
902,2049,1,Spring,2003
126,2050,1,Spring,2000
997,2051,1,Fall,2005
656,544,1,Spring,2001
404,544,2,Spring,2013
358,545,1,Fall,2007
731,546,1,Spring,2007
331,547,1,Spring,2007
337,548,1,Fall,2012
483,549,1,Fall,2003
765,549,2,Spring,2006
785,550,1,Fall,2006
298,551,1,Spring,2014
556,552,1,Fall,2008
721,552,2,Fall,2001
556,553,1,Spring,2005
585,554,1,Spring,2015
86,554,2,Spring,2014
926,555,1,Fall,2000
943,555,2,Fall,2012
55,556,1,Fall,2003
888,557,1,Spring,2007
261,557,2,Fall,2001
509,558,1,Spring,2006
391,558,2,Fall,2001
568,559,1,Spring,2013
787,560,1,Fall,2007
677,560,2,Spring,2014
627,561,1,Spring,2010
811,561,2,Fall,2011
523,562,1,Fall,2002
190,563,1,Fall,2000
955,564,1,Spring,2011
244,565,1,Fall,2014
114,566,1,Spring,2012
983,567,1,Fall,2013
677,568,1,Fall,2009
139,568,2,Fall,2011
333,569,1,Fall,2001
681,569,2,Fall,2015
813,570,1,Spring,2001
895,571,1,Fall,2006
827,571,2,Spring,2006
456,572,1,Spring,2001
909,572,2,Fall,2014
190,573,1,Spring,2014
668,4501,1,Spring,2013
668,4501,2,Spring,2015
231,574,1,Fall,2000
738,3005,1,Spring,2007
437,3005,2,Fall,2011
902,575,1,Spring,2002
789,3509,1,Spring,2003
652,4001,1,Fall,2013
661,4001,2,Fall,2003
691,4502,1,Fall,2000
823,4503,1,Fall,2006
416,4002,1,Spring,2003
843,4002,2,Fall,2011
85,4003,1,Fall,2003
144,4004,1,Spring,2009
906,4005,1,Spring,2007
559,4006,1,Fall,2004
335,4007,1,Fall,2008
605,4007,2,Fall,2009
977,4008,1,Fall,2005
624,4009,1,Spring,2001
702,4009,2,Fall,2002
534,4010,1,Spring,2011
323,4011,1,Fall,2004
600,4012,1,Spring,2002
257,4012,2,Fall,2012
444,4013,1,Fall,2010
794,4014,1,Fall,2004
880,4014,2,Spring,2000
797,4015,1,Spring,2003
445,4016,1,Fall,2006
736,4017,1,Fall,2012
565,4018,1,Fall,2005
252,4019,1,Fall,2013
296,4020,1,Spring,2012
544,4020,2,Spring,2007
537,4021,1,Spring,2008
987,4022,1,Fall,2008
601,4023,1,Fall,2011
766,4024,1,Spring,2006
328,4025,1,Fall,2001
991,4025,2,Fall,2004
318,4026,1,Fall,2004
3,4026,2,Fall,2003
634,4027,1,Fall,2001
54,4027,2,Spring,2009
495,4028,1,Spring,2006
795,576,1,Fall,2006
618,576,2,Spring,2007
784,4029,1,Spring,2013
846,577,1,Spring,2012
121,4030,1,Fall,2000
357,4030,2,Spring,2011
816,578,1,Spring,2002
897,4031,1,Fall,2001
915,579,1,Spring,2014
452,579,2,Spring,2011
317,4032,1,Fall,2001
570,4032,2,Fall,2005
976,580,1,Fall,2013
266,4033,1,Spring,2006
887,581,1,Fall,2005
978,581,2,Fall,2014
243,4034,1,Fall,2005
801,4034,2,Spring,2005
526,582,1,Spring,2013
602,582,2,Fall,2008
436,4035,1,Spring,2008
427,4036,1,Fall,2003
281,4036,2,Spring,2000
165,583,1,Spring,2009
23,583,2,Spring,2013
22,4037,1,Fall,2008
419,584,1,Spring,2004
108,585,1,Spring,2010
693,585,2,Spring,2012
552,4038,1,Fall,2015
773,586,1,Spring,2006
824,4039,1,Fall,2001
294,587,1,Fall,2014
764,587,2,Fall,2006
96,4040,1,Fall,2000
901,588,1,Spring,2013
582,588,2,Fall,2015
807,4041,1,Fall,2001
248,589,1,Spring,2004
463,589,2,Spring,2014
173,4042,1,Spring,2010
445,590,1,Spring,2000
685,4043,1,Fall,2002
91,591,1,Spring,2009
35,4044,1,Fall,2015
270,4044,2,Spring,2007
258,4045,1,Fall,2010
491,592,1,Spring,2009
637,592,2,Spring,2005
187,4046,1,Spring,2001
601,593,1,Fall,2004
887,4047,1,Fall,2012
153,594,1,Spring,2003
488,594,2,Spring,2006
182,4048,1,Spring,2005
38,4048,2,Spring,2002
284,595,1,Fall,2009
308,4049,1,Fall,2009
726,4049,2,Fall,2009
472,596,1,Fall,2008
90,596,2,Fall,2002
880,4050,1,Spring,2001
440,597,1,Spring,2015
873,4051,1,Spring,2001
771,4051,2,Spring,2012
6,598,1,Spring,2000
597,598,2,Fall,2004
33,4052,1,Spring,2003
966,599,1,Fall,2008
728,599,2,Spring,2001
907,4053,1,Spring,2014
166,4053,2,Fall,2014
353,600,1,Spring,2014
539,600,2,Spring,2015
969,4054,1,Fall,2011
648,4054,2,Fall,2000
901,601,1,Fall,2003
262,4055,1,Spring,2004
525,4055,2,Fall,2004
475,602,1,Fall,2009
233,602,2,Spring,2014
653,4056,1,Spring,2015
81,603,1,Spring,2008
810,603,2,Fall,2013
232,4057,1,Fall,2011
204,4057,2,Fall,2010
217,604,1,Fall,2009
717,604,2,Spring,2005
179,4058,1,Fall,2011
486,4058,2,Spring,2001
434,605,1,Fall,2000
700,605,2,Fall,2003
418,4059,1,Spring,2003
335,606,1,Fall,2009
366,4060,1,Spring,2000
241,4060,2,Spring,2005
67,607,1,Spring,2011
12,607,2,Spring,2003
250,608,1,Fall,2008
341,608,2,Fall,2012
921,4061,1,Spring,2006
811,4061,2,Spring,2014
91,4062,1,Spring,2013
560,609,1,Fall,2007
976,609,2,Spring,2012
77,4063,1,Fall,2002
369,610,1,Spring,2005
322,4064,1,Spring,2000
391,611,1,Fall,2000
292,4065,1,Fall,2005
703,4065,2,Spring,2013
419,612,1,Fall,2009
787,4066,1,Fall,2007
568,4066,2,Fall,2015
651,613,1,Spring,2005
311,4067,1,Spring,2015
149,614,1,Spring,2000
71,614,2,Spring,2007
206,4068,1,Fall,2003
183,4068,2,Fall,2014
991,615,1,Fall,2011
317,616,1,Spring,2003
131,616,2,Spring,2004
602,4069,1,Fall,2012
488,617,1,Fall,2006
759,617,2,Spring,2005
958,4070,1,Spring,2006
477,4070,2,Fall,2003
85,618,1,Spring,2004
601,618,2,Spring,2000
666,4071,1,Spring,2006
438,4071,2,Spring,2001
256,619,1,Fall,2014
929,619,2,Fall,2002
521,620,1,Fall,2015
316,4072,1,Spring,2009
703,4073,1,Spring,2012
56,4073,2,Spring,2012
813,621,1,Fall,2000
635,4074,1,Fall,2000
624,622,1,Fall,2007
616,622,2,Fall,2005
860,4075,1,Fall,2009
117,4075,2,Fall,2004
663,623,1,Spring,2006
521,623,2,Spring,2004
580,4076,1,Fall,2000
839,624,1,Spring,2004
655,4077,1,Fall,2006
30,625,1,Spring,2011
63,4078,1,Spring,2000
972,4078,2,Fall,2003
307,626,1,Spring,2013
946,4079,1,Spring,2004
580,627,1,Fall,2005
660,627,2,Fall,2012
184,4080,1,Spring,2012
435,4080,2,Spring,2010
914,628,1,Fall,2013
990,628,2,Spring,2000
979,4081,1,Fall,2014
602,4081,2,Spring,2002
969,629,1,Spring,2000
332,629,2,Spring,2014
153,4082,1,Fall,2000
413,630,1,Fall,2000
582,4083,1,Spring,2009
98,4083,2,Spring,2009
273,631,1,Fall,2000
573,631,2,Spring,2010
164,4084,1,Spring,2010
761,632,1,Spring,2013
238,4085,1,Fall,2000
528,633,1,Spring,2002
245,4086,1,Spring,2006
211,4086,2,Fall,2005
672,634,1,Fall,2004
345,634,2,Spring,2015
910,4087,1,Spring,2006
331,635,1,Spring,2010
306,635,2,Fall,2011
653,4088,1,Fall,2000
122,636,1,Spring,2014
3,4089,1,Spring,2015
86,637,1,Fall,2007
274,4090,1,Fall,2012
857,638,1,Fall,2012
449,4091,1,Fall,2012
54,4091,2,Fall,2007
898,639,1,Spring,2005
62,639,2,Fall,2009
532,640,1,Fall,2014
895,4092,1,Fall,2000
60,641,1,Fall,2009
535,4093,1,Spring,2000
716,642,1,Fall,2014
795,642,2,Spring,2006
81,4094,1,Spring,2008
127,643,1,Spring,2003
362,643,2,Spring,2010
830,4095,1,Spring,2012
256,4095,2,Spring,2014
982,644,1,Spring,2012
251,4096,1,Spring,2015
357,4096,2,Fall,2001
853,645,1,Fall,2014
617,4097,1,Spring,2001
15,4097,2,Fall,2015
670,646,1,Fall,2003
82,4098,1,Fall,2011
157,4098,2,Spring,2015
593,647,1,Fall,2005
266,648,1,Spring,2004
803,4099,1,Fall,2002
831,4100,1,Fall,2013
865,4100,2,Fall,2015
421,649,1,Spring,2006
961,649,2,Fall,2003
328,4101,1,Fall,2012
4,650,1,Spring,2002
155,4102,1,Fall,2013
121,651,1,Fall,2008
795,4103,1,Fall,2009
264,4103,2,Fall,2005
856,652,1,Spring,2013
537,4104,1,Spring,2012
399,4104,2,Fall,2010
145,653,1,Fall,2001
333,653,2,Fall,2013
463,654,1,Fall,2000
255,654,2,Spring,2014
492,4105,1,Fall,2000
146,655,1,Fall,2002
132,655,2,Spring,2001
124,4106,1,Fall,2011
511,4106,2,Spring,2004
703,656,1,Fall,2002
316,4107,1,Spring,2006
703,657,1,Spring,2011
484,4108,1,Fall,2012
5,658,1,Spring,2008
542,4109,1,Fall,2014
819,659,1,Fall,2011
480,659,2,Fall,2007
401,4110,1,Spring,2003
586,4110,2,Fall,2007
388,660,1,Spring,2002
475,660,2,Fall,2008
802,4111,1,Spring,2011
705,4111,2,Spring,2001
756,661,1,Fall,2001
195,661,2,Fall,2012
918,4112,1,Spring,2003
176,4112,2,Fall,2003
52,4113,1,Fall,2015
438,4114,1,Fall,2013
272,4115,1,Spring,2000
868,4116,1,Fall,2014
334,4116,2,Fall,2008
570,4117,1,Fall,2002
575,4117,2,Spring,2002
552,4118,1,Spring,2011
721,4118,2,Spring,2013
746,4119,1,Fall,2005
17,4120,1,Fall,2007
608,4121,1,Spring,2013
44,4121,2,Fall,2011
322,4122,1,Fall,2000
628,4122,2,Spring,2015
301,4123,1,Spring,2008
848,4123,2,Fall,2003
522,4124,1,Fall,2005
873,4125,1,Fall,2006
214,4126,1,Fall,2015
553,4126,2,Spring,2004
453,4127,1,Spring,2002
930,4127,2,Fall,2001
599,4128,1,Spring,2002
636,4129,1,Fall,2015
909,4129,2,Spring,2004
187,4130,1,Fall,2009
813,4130,2,Spring,2002
512,4131,1,Fall,2000
159,4132,1,Fall,2002
836,4132,2,Fall,2004
498,4133,1,Spring,2000
182,4134,1,Fall,2011
50,4135,1,Spring,2001
444,4135,2,Spring,2007
423,4136,1,Fall,2005
603,4136,2,Fall,2000
586,4137,1,Spring,2012
833,4137,2,Spring,2012
854,4138,1,Spring,2014
371,4138,2,Fall,2006
86,4139,1,Fall,2006
462,4140,1,Spring,2006
618,4141,1,Spring,2006
982,4141,2,Spring,2005
860,4142,1,Fall,2009
937,4143,1,Fall,2005
173,4144,1,Fall,2006
602,4144,2,Fall,2003
429,4145,1,Spring,2008
72,4146,1,Fall,2011
348,4146,2,Spring,2008
542,4147,1,Spring,2002
932,4148,1,Fall,2009
489,4148,2,Spring,2011
361,4149,1,Fall,2001
418,4150,1,Fall,2002
241,4151,1,Spring,2007
287,4152,1,Fall,2004
223,4153,1,Fall,2011
916,4154,1,Spring,2006
834,4154,2,Fall,2001
81,4155,1,Fall,2000
504,4155,2,Spring,2007
88,4156,1,Spring,2010
167,4157,1,Spring,2007
819,4157,2,Spring,2014
79,4158,1,Fall,2013
579,4159,1,Spring,2014
208,4159,2,Spring,2014
444,4160,1,Spring,2014
111,4161,1,Fall,2008
812,4162,1,Fall,2010
978,4162,2,Spring,2002
256,4163,1,Fall,2008
695,4164,1,Spring,2013
314,4164,2,Spring,2001
413,4165,1,Spring,2011
360,4165,2,Spring,2006
526,4166,1,Spring,2015
765,4166,2,Spring,2011
13,4167,1,Fall,2013
843,4167,2,Fall,2014
765,4168,1,Fall,2005
448,4168,2,Fall,2001
999,4169,1,Fall,2010
386,4169,2,Spring,2015
955,4170,1,Fall,2010
122,4170,2,Fall,2002
614,4171,1,Spring,2002
274,4172,1,Spring,2000
383,4173,1,Spring,2009
105,4173,2,Fall,2000
730,4174,1,Spring,2009
627,4175,1,Fall,2014
427,4175,2,Fall,2001
796,4176,1,Spring,2010
258,4176,2,Fall,2010
902,4177,1,Fall,2009
992,4178,1,Fall,2001
778,4178,2,Spring,2003
241,4179,1,Spring,2007
775,4180,1,Spring,2009
915,4181,1,Fall,2008
731,4182,1,Spring,2008
69,4183,1,Spring,2014
868,4184,1,Spring,2009
654,4184,2,Fall,2001
196,4185,1,Spring,2009
276,4186,1,Fall,2012
410,4187,1,Fall,2000
843,4187,2,Spring,2015
953,4188,1,Spring,2011
519,4189,1,Spring,2000
290,4189,2,Fall,2007
868,4190,1,Fall,2003
935,4191,1,Fall,2000
37,4192,1,Spring,2000
900,4192,2,Fall,2003
926,4193,1,Fall,2013
49,4194,1,Fall,2013
846,4194,2,Spring,2006
864,4195,1,Spring,2000
833,4195,2,Fall,2011
832,4196,1,Spring,2006
233,4197,1,Fall,2008
245,4197,2,Fall,2004
826,4198,1,Spring,2015
375,4198,2,Fall,2009
260,4199,1,Spring,2009
269,4199,2,Spring,2006
694,4200,1,Fall,2014
830,4201,1,Spring,2013
28,4201,2,Fall,2013
230,4202,1,Fall,2011
688,4203,1,Fall,2007
778,4203,2,Fall,2001
765,4204,1,Spring,2015
990,4204,2,Spring,2004
797,4205,1,Fall,2005
213,4206,1,Fall,2005
592,4206,2,Spring,2009
373,4207,1,Fall,2002
231,4207,2,Spring,2011
44,4208,1,Fall,2001
526,4208,2,Fall,2008
357,4209,1,Spring,2014
885,4209,2,Spring,2006
428,4210,1,Spring,2008
699,4210,2,Spring,2008
292,4211,1,Fall,2001
631,4211,2,Spring,2013
260,4212,1,Spring,2008
746,4212,2,Fall,2006
894,4213,1,Spring,2001
632,4213,2,Spring,2002
961,4214,1,Fall,2005
325,4215,1,Fall,2002
882,4215,2,Fall,2013
977,4216,1,Fall,2013
198,4217,1,Fall,2011
694,4218,1,Fall,2015
703,4219,1,Fall,2008
988,4220,1,Spring,2015
162,4220,2,Fall,2006
201,4221,1,Spring,2011
624,4221,2,Fall,2002
280,4222,1,Spring,2005
223,4222,2,Spring,2004
513,4223,1,Fall,2008
945,4224,1,Fall,2004
565,4224,2,Spring,2000
864,4225,1,Spring,2007
746,4226,1,Spring,2006
596,4227,1,Fall,2005
439,4227,2,Fall,2003
522,4228,1,Spring,2014
770,4228,2,Fall,2012
449,4229,1,Fall,2003
174,4230,1,Spring,2013
594,4230,2,Spring,2003
117,4231,1,Spring,2012
146,4231,2,Spring,2012
651,4232,1,Fall,2004
608,4232,2,Fall,2006
219,4233,1,Spring,2015
967,4233,2,Fall,2001
424,4234,1,Spring,2008
695,4235,1,Fall,2014
523,4235,2,Spring,2014
455,4236,1,Spring,2012
272,4236,2,Spring,2006
928,4237,1,Fall,2014
142,4238,1,Fall,2000
810,4238,2,Fall,2009
237,4239,1,Spring,2012
633,4239,2,Fall,2005
336,4240,1,Fall,2004
503,4240,2,Fall,2012
103,4241,1,Spring,2003
564,4242,1,Fall,2012
195,4242,2,Fall,2014
7,4243,1,Fall,2014
386,4244,1,Spring,2010
323,4244,2,Spring,2007
403,4245,1,Fall,2011
106,4245,2,Fall,2001
143,4246,1,Fall,2006
322,4247,1,Spring,2000
429,4248,1,Fall,2007
244,4248,2,Spring,2008
173,4249,1,Fall,2002
247,4250,1,Spring,2008
890,4251,1,Fall,2006
598,4252,1,Spring,2000
769,4253,1,Fall,2003
465,4253,2,Spring,2000
714,4254,1,Fall,2008
872,4254,2,Spring,2001
447,4255,1,Fall,2010
741,4256,1,Spring,2010
722,4256,2,Fall,2015
107,4257,1,Fall,2012
751,4257,2,Spring,2011
279,4258,1,Spring,2011
392,4259,1,Spring,2002
99,4260,1,Fall,2000
1,4260,2,Spring,2009
684,4261,1,Spring,2013
596,4261,2,Spring,2013
266,4262,1,Spring,2000
217,4263,1,Spring,2001
749,4264,1,Spring,2002
51,4265,1,Spring,2008
741,4266,1,Spring,2015
248,4266,2,Spring,2009
966,4267,1,Spring,2004
270,4268,1,Spring,2011
166,4269,1,Spring,2007
430,4270,1,Fall,2014
168,4270,2,Fall,2012
190,4271,1,Fall,2009
873,4272,1,Fall,2014
953,4272,2,Spring,2012
769,4273,1,Spring,2001
484,4274,1,Spring,2001
982,4275,1,Fall,2012
873,4275,2,Spring,2011
73,4276,1,Spring,2009
120,4276,2,Fall,2005
969,4277,1,Fall,2005
650,4278,1,Spring,2008
224,4278,2,Fall,2006
507,4279,1,Spring,2008
313,4280,1,Fall,2010
806,4281,1,Spring,2009
861,4281,2,Spring,2010
320,4282,1,Spring,2010
115,4283,1,Fall,2010
576,4284,1,Fall,2011
117,4284,2,Spring,2014
341,4285,1,Fall,2003
823,4286,1,Spring,2010
870,4286,2,Spring,2005
535,4287,1,Fall,2014
543,4288,1,Spring,2011
256,4288,2,Fall,2012
766,4289,1,Fall,2004
551,4289,2,Spring,2002
838,4290,1,Fall,2007
104,4290,2,Spring,2001
570,4291,1,Fall,2003
882,4292,1,Spring,2005
777,4293,1,Spring,2009
814,4293,2,Fall,2003
284,4294,1,Fall,2003
312,4294,2,Fall,2002
786,4295,1,Fall,2000
895,4295,2,Spring,2000
605,4296,1,Spring,2012
97,4296,2,Spring,2014
441,4297,1,Spring,2005
285,4297,2,Fall,2003
588,4298,1,Spring,2012
778,4299,1,Fall,2006
175,4299,2,Fall,2005
960,4300,1,Spring,2013
636,4300,2,Spring,2002
532,4301,1,Spring,2014
945,4301,2,Spring,2003
554,4302,1,Fall,2008
811,4302,2,Spring,2011
345,4303,1,Fall,2013
732,4303,2,Fall,2014
758,4304,1,Fall,2012
338,4305,1,Spring,2001
444,4306,1,Spring,2000
217,4307,1,Spring,2002
620,4307,2,Spring,2009
695,4308,1,Spring,2001
279,4309,1,Spring,2003
323,4310,1,Spring,2015
989,4311,1,Fall,2015
852,4312,1,Spring,2015
939,4312,2,Fall,2000
417,4313,1,Spring,2007
103,4313,2,Fall,2014
136,4314,1,Fall,2002
179,4314,2,Fall,2015
82,4315,1,Spring,2001
58,4316,1,Fall,2014
171,4317,1,Spring,2012
252,4318,1,Fall,2001
415,4318,2,Spring,2009
433,4319,1,Spring,2004
702,4319,2,Fall,2010
57,4320,1,Fall,2001
275,4321,1,Fall,2008
674,4321,2,Spring,2004
436,4322,1,Spring,2014
998,4322,2,Spring,2014
344,4323,1,Fall,2011
253,4323,2,Spring,2008
830,4324,1,Fall,2015
917,4325,1,Fall,2008
368,4326,1,Spring,2008
299,4327,1,Spring,2006
890,4328,1,Spring,2002
630,4328,2,Fall,2011
509,4329,1,Fall,2004
847,4329,2,Fall,2007
396,4330,1,Spring,2011
318,4331,1,Fall,2010
607,4332,1,Fall,2012
463,4332,2,Fall,2004
96,4333,1,Fall,2011
840,4334,1,Fall,2010
164,4334,2,Spring,2007
229,4335,1,Fall,2002
159,4336,1,Fall,2009
953,4337,1,Spring,2010
822,4338,1,Spring,2012
597,4338,2,Spring,2012
152,4339,1,Spring,2015
643,4340,1,Spring,2006
596,4340,2,Spring,2014
467,4341,1,Spring,2002
39,4341,2,Spring,2012
33,4342,1,Fall,2005
316,4342,2,Fall,2014
478,4343,1,Fall,2005
871,4343,2,Spring,2002
441,4344,1,Fall,2009
227,4344,2,Spring,2003
829,4345,1,Spring,2006
414,4346,1,Fall,2010
669,4346,2,Spring,2014
158,4347,1,Fall,2010
106,4347,2,Fall,2013
786,4348,1,Fall,2012
378,4349,1,Fall,2008
533,4349,2,Spring,2003
76,4350,1,Fall,2003
56,4350,2,Fall,2001
586,4351,1,Spring,2008
597,4352,1,Fall,2014
283,4352,2,Spring,2013
627,4353,1,Fall,2001
732,4353,2,Spring,2013
240,4354,1,Spring,2013
224,4354,2,Spring,2001
178,4355,1,Fall,2014
396,4356,1,Spring,2008
98,4356,2,Fall,2006
65,4357,1,Spring,2001
491,4358,1,Spring,2007
849,4359,1,Spring,2013
102,4360,1,Fall,2014
803,4361,1,Spring,2000
863,4361,2,Fall,2001
903,4362,1,Fall,2012
597,4362,2,Fall,2004
771,4363,1,Spring,2009
532,4364,1,Fall,2009
203,4365,1,Spring,2004
485,4365,2,Fall,2000
418,4366,1,Spring,2006
400,4367,1,Fall,2004
203,4367,2,Spring,2014
440,1502,1,Fall,2007
869,1503,1,Spring,2012
705,1503,2,Spring,2002
971,1504,1,Fall,2003
124,1504,2,Fall,2007
83,1505,1,Spring,2007
751,1505,2,Fall,2015
950,1506,1,Fall,2007
332,1506,2,Spring,2002
976,1507,1,Fall,2010
225,1507,2,Fall,2013
982,1508,1,Spring,2002
823,1508,2,Spring,2007
442,1509,1,Fall,2004
114,1509,2,Spring,2004
12,1510,1,Fall,2012
213,1510,2,Fall,2013
299,1511,1,Fall,2008
364,1512,1,Spring,2006
328,1513,1,Spring,2007
374,1513,2,Spring,2009
869,1514,1,Fall,2011
597,1515,1,Spring,2012
49,1516,1,Fall,2014
606,1516,2,Fall,2013
28,1517,1,Spring,2001
936,1518,1,Fall,2004
450,1518,2,Fall,2002
773,1519,1,Spring,2013
268,1519,2,Fall,2008
844,1520,1,Spring,2003
742,1521,1,Spring,2007
342,1522,1,Fall,2010
844,1522,2,Fall,2008
967,1523,1,Spring,2009
50,1523,2,Fall,2013
735,1524,1,Fall,2011
249,1525,1,Spring,2000
544,1525,2,Spring,2010
919,1526,1,Spring,2007
323,1527,1,Spring,2005
243,1527,2,Fall,2014
775,1528,1,Fall,2004
813,1529,1,Fall,2001
432,1529,2,Fall,2004
263,1530,1,Spring,2004
0,1530,2,Spring,2013
728,1531,1,Fall,2003
455,1532,1,Fall,2002
146,1533,1,Fall,2003
139,1534,1,Spring,2006
167,1535,1,Fall,2010
941,1535,2,Spring,2000
313,1536,1,Spring,2005
165,1536,2,Fall,2010
577,1537,1,Spring,2011
121,1538,1,Fall,2003
680,1539,1,Fall,2005
623,1539,2,Fall,2001
657,1540,1,Spring,2006
410,1541,1,Fall,2003
284,1542,1,Spring,2008
885,1543,1,Spring,2003
116,1544,1,Spring,2007
251,1544,2,Fall,2003
890,1545,1,Spring,2012
537,1546,1,Fall,2008
38,1546,2,Spring,2009
659,1547,1,Fall,2000
112,1548,1,Spring,2015
793,1549,1,Spring,2011
164,1549,2,Spring,2003
76,1550,1,Fall,2008
905,1550,2,Fall,2013
427,1551,1,Spring,2002
790,1552,1,Spring,2002
886,1553,1,Spring,2012
340,1554,1,Fall,2014
45,1555,1,Fall,2010
260,1555,2,Spring,2013
2,1556,1,Spring,2015
265,1556,2,Spring,2007
311,1557,1,Fall,2000
626,1557,2,Spring,2008
516,1558,1,Spring,2009
251,1558,2,Spring,2007
563,1559,1,Spring,2009
373,1559,2,Fall,2009
729,1560,1,Fall,2004
81,1560,2,Fall,2011
123,1561,1,Fall,2010
148,1562,1,Fall,2002
402,1562,2,Fall,2005
739,1563,1,Spring,2008
451,1564,1,Spring,2006
984,1565,1,Fall,2001
240,1565,2,Fall,2014
751,1566,1,Spring,2000
206,1566,2,Fall,2007
82,1567,1,Fall,2014
357,1568,1,Spring,2008
254,1569,1,Spring,2004
455,1570,1,Spring,2008
598,1570,2,Fall,2003
124,1571,1,Fall,2006
118,1572,1,Fall,2009
96,1572,2,Fall,2015
308,1573,1,Spring,2010
671,1574,1,Fall,2004
535,1575,1,Spring,2013
44,1575,2,Spring,2012
518,1576,1,Fall,2014
438,1577,1,Fall,2000
395,1577,2,Spring,2013
994,1578,1,Fall,2005
981,1578,2,Fall,2010
897,1579,1,Spring,2012
897,1579,2,Spring,2015
274,1580,1,Fall,2009
722,1581,1,Spring,2013
510,1582,1,Fall,2008
387,1582,2,Spring,2002
27,1583,1,Spring,2001
621,1584,1,Fall,2001
427,1584,2,Fall,2015
20,1585,1,Spring,2011
129,1586,1,Fall,2002
695,1587,1,Spring,2014
468,1587,2,Fall,2010
593,1588,1,Spring,2013
580,1589,1,Fall,2008
643,1589,2,Fall,2012
213,1590,1,Spring,2009
235,1590,2,Fall,2009
260,1591,1,Fall,2001
423,1591,2,Spring,2003
406,1592,1,Fall,2007
122,1593,1,Fall,2010
937,1594,1,Spring,2005
432,1595,1,Fall,2004
828,1596,1,Spring,2011
52,1596,2,Spring,2009
877,1597,1,Fall,2003
427,1598,1,Spring,2013
711,1598,2,Spring,2006
74,1599,1,Spring,2007
537,1600,1,Fall,2013
745,1600,2,Fall,2012
468,1601,1,Spring,2012
853,1601,2,Fall,2012
454,1602,1,Spring,2002
770,1602,2,Fall,2015
767,1603,1,Spring,2012
631,1603,2,Fall,2002
624,1604,1,Fall,2010
287,1605,1,Fall,2011
534,1605,2,Fall,2003
395,1606,1,Fall,2003
69,1606,2,Fall,2007
819,1607,1,Fall,2004
672,1608,1,Fall,2006
208,1609,1,Fall,2007
204,1609,2,Fall,2000
895,1610,1,Fall,2009
382,1611,1,Fall,2008
210,1612,1,Spring,2001
327,1613,1,Spring,2006
487,1614,1,Spring,2001
41,1614,2,Fall,2002
650,1615,1,Fall,2007
512,1616,1,Fall,2006
956,1617,1,Spring,2004
684,1618,1,Spring,2005
87,1618,2,Fall,2000
943,1619,1,Fall,2008
757,1620,1,Fall,2003
998,1620,2,Spring,2002
762,1621,1,Spring,2006
438,1621,2,Spring,2015
642,1622,1,Spring,2002
717,1623,1,Fall,2001
78,1623,2,Spring,2009
475,1624,1,Spring,2003
981,1624,2,Spring,2000
852,1625,1,Spring,2010
275,1625,2,Spring,2012
446,1626,1,Spring,2002
892,1627,1,Spring,2007
924,1627,2,Fall,2008
82,1628,1,Spring,2009
838,1629,1,Fall,2003
819,1629,2,Spring,2013
906,2541,1,Fall,2010
129,1630,1,Fall,2011
130,1630,2,Spring,2007
845,1631,1,Spring,2015
620,2542,1,Spring,2001
203,1632,1,Spring,2008
821,1632,2,Fall,2009
740,2543,1,Fall,2015
910,2543,2,Fall,2008
588,1633,1,Spring,2006
20,2544,1,Spring,2015
995,1634,1,Fall,2015
530,2545,1,Fall,2009
864,2545,2,Fall,2011
851,1635,1,Spring,2009
821,1635,2,Spring,2014
475,1636,1,Fall,2007
179,2546,1,Fall,2003
529,2546,2,Fall,2008
813,2547,1,Spring,2000
693,1637,1,Fall,2007
53,1637,2,Fall,2004
971,2548,1,Fall,2009
425,1638,1,Fall,2011
142,1638,2,Spring,2013
712,2549,1,Fall,2014
386,2549,2,Fall,2009
771,1639,1,Fall,2007
920,1639,2,Spring,2009
174,2550,1,Fall,2015
840,1640,1,Fall,2002
696,2551,1,Fall,2012
32,2551,2,Spring,2012
15,1641,1,Spring,2014
607,1641,2,Fall,2010
256,2552,1,Fall,2007
699,2552,2,Spring,2011
70,1642,1,Fall,2011
540,1642,2,Fall,2011
654,2553,1,Spring,2008
101,1643,1,Fall,2002
849,2554,1,Fall,2007
874,1644,1,Fall,2013
17,1644,2,Spring,2007
382,2555,1,Spring,2001
793,2555,2,Fall,2015
594,1645,1,Spring,2008
572,1645,2,Spring,2001
953,2556,1,Fall,2013
454,2556,2,Fall,2012
753,1646,1,Fall,2009
174,1646,2,Spring,2012
775,2557,1,Spring,2011
232,1647,1,Fall,2011
192,2558,1,Fall,2004
249,2558,2,Spring,2006
865,1648,1,Spring,2011
597,2559,1,Spring,2004
951,2559,2,Fall,2000
979,1649,1,Spring,2013
438,1649,2,Spring,2005
716,2560,1,Fall,2006
720,2560,2,Spring,2014
395,1650,1,Spring,2010
834,1650,2,Fall,2011
616,2561,1,Fall,2011
291,2561,2,Spring,2004
413,1651,1,Spring,2015
5,2562,1,Spring,2009
744,2562,2,Fall,2015
701,2563,1,Spring,2000
881,1652,1,Spring,2008
910,1652,2,Spring,2001
799,2564,1,Spring,2000
570,1653,1,Fall,2007
583,1653,2,Fall,2006
882,2565,1,Spring,2009
270,1654,1,Fall,2011
993,2566,1,Fall,2008
429,2566,2,Spring,2011
133,1655,1,Spring,2002
853,1655,2,Spring,2011
691,2567,1,Fall,2003
716,2567,2,Spring,2007
71,1656,1,Fall,2006
498,1656,2,Fall,2012
531,2568,1,Fall,2013
970,1657,1,Fall,2000
964,1657,2,Spring,2011
525,2569,1,Spring,2015
235,2569,2,Spring,2013
761,1658,1,Spring,2015
369,2570,1,Spring,2008
910,2570,2,Fall,2008
162,1659,1,Fall,2012
304,2571,1,Spring,2003
448,2571,2,Fall,2009
935,1660,1,Spring,2001
820,1660,2,Fall,2000
594,2572,1,Fall,2011
243,1661,1,Fall,2000
997,1661,2,Fall,2009
837,2573,1,Fall,2003
51,2573,2,Spring,2013
824,1662,1,Spring,2003
402,2574,1,Fall,2004
391,1663,1,Spring,2007
558,1663,2,Fall,2001
697,2575,1,Spring,2009
335,2575,2,Fall,2007
510,1664,1,Spring,2001
907,2576,1,Spring,2003
218,1665,1,Fall,2004
278,1665,2,Spring,2006
132,2577,1,Fall,2013
373,1666,1,Fall,2000
707,1666,2,Spring,2003
891,2578,1,Spring,2007
969,2579,1,Fall,2003
225,1667,1,Spring,2007
933,2052,1,Spring,2002
437,2052,2,Fall,2007
666,1668,1,Fall,2010
262,2053,1,Fall,2004
729,2053,2,Spring,2003
126,1669,1,Fall,2010
450,1669,2,Fall,2015
977,2054,1,Fall,2011
832,1670,1,Fall,2013
830,2055,1,Fall,2011
487,2055,2,Fall,2001
698,1671,1,Fall,2002
238,1671,2,Spring,2007
50,2056,1,Fall,2006
231,1672,1,Fall,2010
505,1672,2,Spring,2007
131,2057,1,Spring,2006
844,2057,2,Fall,2000
495,1673,1,Fall,2003
437,1673,2,Fall,2002
816,2058,1,Fall,2015
153,2058,2,Spring,2010
440,1674,1,Fall,2003
463,1674,2,Spring,2008
861,2059,1,Spring,2013
533,2059,2,Spring,2012
173,1675,1,Fall,2010
998,2060,1,Fall,2010
314,2060,2,Fall,2007
917,1676,1,Spring,2005
134,1676,2,Spring,2002
634,2061,1,Fall,2013
637,1677,1,Fall,2003
77,2062,1,Spring,2002
694,2062,2,Fall,2015
346,1678,1,Fall,2011
926,2063,1,Spring,2003
400,2063,2,Spring,2012
480,1679,1,Spring,2005
318,1679,2,Spring,2011
946,2064,1,Fall,2005
16,2064,2,Fall,2013
822,1680,1,Fall,2007
816,2065,1,Fall,2007
223,1681,1,Fall,2006
481,2066,1,Spring,2007
202,2066,2,Fall,2015
940,1682,1,Spring,2013
592,2067,1,Spring,2003
44,1683,1,Spring,2012
689,1683,2,Spring,2006
584,2068,1,Fall,2005
247,1684,1,Spring,2013
553,2069,1,Spring,2015
994,1685,1,Fall,2002
530,1685,2,Spring,2007
321,2070,1,Spring,2014
33,1686,1,Fall,2000
113,2071,1,Spring,2006
320,1687,1,Spring,2004
728,1687,2,Fall,2001
557,2072,1,Fall,2009
387,2072,2,Fall,2013
31,1688,1,Spring,2004
824,1688,2,Fall,2012
599,2073,1,Fall,2004
960,2073,2,Fall,2000
670,1689,1,Fall,2010
202,2074,1,Spring,2013
122,2074,2,Spring,2007
644,1690,1,Spring,2011
539,1690,2,Spring,2001
151,2075,1,Spring,2008
927,2075,2,Spring,2012
327,1691,1,Spring,2003
460,1691,2,Fall,2013
88,2076,1,Fall,2006
243,2076,2,Fall,2014
362,1692,1,Fall,2009
875,2077,1,Fall,2005
998,1693,1,Fall,2011
809,2078,1,Fall,2009
728,1694,1,Fall,2003
631,1694,2,Fall,2015
349,2079,1,Fall,2003
552,2079,2,Spring,2014
426,1695,1,Spring,2009
985,1695,2,Spring,2009
981,2080,1,Spring,2015
261,1696,1,Fall,2001
647,1696,2,Spring,2003
872,2081,1,Spring,2011
307,1697,1,Fall,2003
649,1697,2,Fall,2009
920,2082,1,Fall,2008
412,1698,1,Fall,2009
470,1698,2,Spring,2013
480,2083,1,Fall,2013
58,2083,2,Fall,2001
464,1699,1,Fall,2008
383,1699,2,Spring,2008
354,2084,1,Fall,2008
512,1700,1,Spring,2002
524,2085,1,Fall,2009
315,2085,2,Fall,2011
862,1701,1,Spring,2000
94,2086,1,Fall,2009
920,1702,1,Spring,2008
150,1702,2,Fall,2002
808,2087,1,Spring,2006
416,1703,1,Spring,2005
611,2088,1,Fall,2015
242,2089,1,Fall,2013
648,2089,2,Spring,2010
858,1704,1,Spring,2000
712,1704,2,Fall,2004
488,2090,1,Fall,2000
380,1705,1,Fall,2008
663,1705,2,Spring,2013
837,2091,1,Spring,2008
307,2091,2,Fall,2010
575,1706,1,Fall,2005
195,1706,2,Spring,2010
512,2092,1,Fall,2007
395,2092,2,Spring,2006
363,1707,1,Spring,2012
349,1707,2,Spring,2007
623,2093,1,Spring,2002
167,1708,1,Spring,2010
942,1708,2,Fall,2015
304,2094,1,Spring,2001
716,2094,2,Spring,2002
870,1709,1,Fall,2008
583,2095,1,Spring,2006
702,2095,2,Spring,2003
828,1710,1,Fall,2014
116,1710,2,Spring,2006
697,2096,1,Spring,2014
121,2096,2,Spring,2001
678,1711,1,Spring,2012
76,1711,2,Spring,2015
392,2097,1,Spring,2009
144,2097,2,Fall,2009
553,1712,1,Spring,2001
999,1712,2,Fall,2008
261,2098,1,Spring,2004
738,1713,1,Fall,2002
981,2099,1,Spring,2005
871,1714,1,Fall,2011
682,2100,1,Spring,2011
361,2100,2,Fall,2002
406,1715,1,Fall,2000
456,1715,2,Fall,2000
770,2101,1,Fall,2008
64,1716,1,Spring,2012
46,2102,1,Spring,2000
503,2102,2,Fall,2006
87,1717,1,Fall,2005
73,2103,1,Spring,2001
831,2103,2,Spring,2001
861,1718,1,Spring,2001
192,2104,1,Spring,2007
256,1719,1,Spring,2001
656,2105,1,Fall,2004
275,1720,1,Fall,2014
274,1720,2,Fall,2002
951,2106,1,Fall,2001
689,2106,2,Fall,2013
789,1721,1,Spring,2003
71,2107,1,Spring,2012
723,1722,1,Spring,2002
391,1722,2,Spring,2013
155,2108,1,Spring,2008
584,2108,2,Fall,2003
717,1723,1,Spring,2009
954,2109,1,Spring,2006
582,1724,1,Fall,2012
642,2110,1,Spring,2003
942,1725,1,Spring,2013
884,1725,2,Spring,2008
375,2111,1,Spring,2007
496,1726,1,Fall,2003
43,1726,2,Fall,2001
779,2112,1,Fall,2012
284,1727,1,Fall,2002
130,1727,2,Fall,2005
624,2113,1,Spring,2007
543,2113,2,Spring,2008
576,1728,1,Spring,2012
475,1728,2,Fall,2001
557,2114,1,Fall,2006
241,1729,1,Spring,2003
298,2115,1,Fall,2011
594,2115,2,Fall,2013
198,1730,1,Spring,2015
243,2116,1,Fall,2015
781,2116,2,Fall,2007
358,1731,1,Spring,2004
477,1731,2,Fall,2010
484,2117,1,Spring,2004
848,2117,2,Spring,2001
733,1732,1,Fall,2008
507,2118,1,Fall,2000
145,2118,2,Fall,2001
45,1733,1,Spring,2007
933,2119,1,Fall,2002
151,2119,2,Fall,2013
310,1734,1,Fall,2014
148,1734,2,Fall,2004
471,2120,1,Spring,2007
16,1735,1,Spring,2011
821,2121,1,Spring,2012
143,1736,1,Fall,2000
990,1736,2,Fall,2000
730,2122,1,Fall,2009
500,2122,2,Spring,2006
403,1737,1,Fall,2002
537,2123,1,Fall,2008
467,2123,2,Spring,2005
967,1738,1,Spring,2009
163,1738,2,Fall,2000
752,2124,1,Fall,2003
621,2124,2,Spring,2007
796,1739,1,Fall,2006
437,1739,2,Fall,2004
95,2125,1,Spring,2014
624,1740,1,Spring,2014
203,1740,2,Fall,2013
126,2126,1,Fall,2003
536,2126,2,Spring,2007
446,1741,1,Fall,2013
250,1741,2,Spring,2006
377,2127,1,Spring,2011
269,1742,1,Fall,2012
240,2128,1,Fall,2000
984,1743,1,Spring,2012
427,2129,1,Spring,2006
791,2129,2,Spring,2012
617,1744,1,Fall,2004
893,2130,1,Fall,2008
249,1745,1,Fall,2007
888,1745,2,Spring,2011
650,2131,1,Fall,2011
274,2131,2,Fall,2001
82,1746,1,Spring,2012
985,2132,1,Fall,2005
154,2132,2,Spring,2006
139,1747,1,Spring,2015
446,2133,1,Spring,2009
451,1748,1,Spring,2005
982,1748,2,Fall,2004
282,2134,1,Spring,2001
807,2134,2,Fall,2008
296,1749,1,Spring,2008
1,1749,2,Spring,2002
688,2135,1,Spring,2012
612,1750,1,Spring,2001
702,1750,2,Fall,2013
802,2136,1,Fall,2004
233,2136,2,Spring,2011
6,1751,1,Spring,2001
453,1751,2,Spring,2001
185,2137,1,Spring,2003
983,1752,1,Spring,2007
193,1752,2,Fall,2005
358,2138,1,Fall,2006
720,2138,2,Fall,2010
197,1753,1,Fall,2014
886,1753,2,Fall,2012
218,2139,1,Spring,2012
936,1754,1,Spring,2000
277,2140,1,Spring,2001
907,2140,2,Spring,2010
377,1755,1,Fall,2014
572,2141,1,Fall,2008
281,2141,2,Fall,2002
954,1756,1,Spring,2014
624,2142,1,Fall,2013
797,2142,2,Spring,2012
84,1757,1,Fall,2010
558,1757,2,Spring,2007
794,2143,1,Spring,2005
423,2143,2,Spring,2000
393,1758,1,Fall,2010
850,2144,1,Fall,2014
978,2144,2,Spring,2013
15,1759,1,Fall,2010
739,2145,1,Spring,2002
402,2145,2,Spring,2006
620,1760,1,Fall,2012
644,2146,1,Spring,2005
733,1761,1,Spring,2011
454,1761,2,Fall,2003
173,2147,1,Spring,2008
406,1762,1,Spring,2012
681,2148,1,Fall,2003
382,2148,2,Spring,2005
807,1763,1,Fall,2002
998,2149,1,Spring,2015
501,2149,2,Spring,2010
845,1764,1,Spring,2006
965,1764,2,Spring,2001
49,2150,1,Fall,2008
69,2150,2,Spring,2001
219,1765,1,Fall,2010
921,2151,1,Spring,2008
769,1766,1,Fall,2010
521,1766,2,Fall,2015
348,2152,1,Spring,2000
953,2152,2,Fall,2005
74,1767,1,Fall,2015
578,2153,1,Spring,2006
43,2154,1,Spring,2013
949,2154,2,Spring,2009
329,2155,1,Fall,2014
886,3006,1,Fall,2010
280,3006,2,Fall,2011
804,3007,1,Fall,2004
847,3008,1,Fall,2002
701,3008,2,Fall,2009
239,3009,1,Spring,2012
337,3009,2,Fall,2008
541,3010,1,Fall,2015
233,3010,2,Spring,2004
332,3011,1,Fall,2015
303,3012,1,Spring,2008
571,3013,1,Spring,2002
280,3014,1,Spring,2003
672,3015,1,Fall,2006
895,3015,2,Spring,2002
484,3016,1,Spring,2007
107,3017,1,Spring,2013
121,3018,1,Spring,2012
833,3018,2,Fall,2005
135,3019,1,Spring,2001
130,3019,2,Spring,2012
400,3020,1,Fall,2002
352,3021,1,Fall,2008
630,3021,2,Fall,2005
184,3022,1,Spring,2013
751,3022,2,Fall,2001
313,3023,1,Spring,2001
754,3023,2,Spring,2010
554,3024,1,Fall,2004
973,3024,2,Spring,2004
80,3025,1,Spring,2006
509,3025,2,Fall,2009
970,3026,1,Fall,2005
575,3027,1,Fall,2004
39,3027,2,Fall,2005
318,3028,1,Spring,2009
334,3029,1,Fall,2009
782,3029,2,Fall,2010
641,3030,1,Fall,2011
706,3030,2,Spring,2015
974,3031,1,Spring,2008
661,3032,1,Spring,2013
934,3032,2,Spring,2014
72,3033,1,Fall,2000
361,3033,2,Fall,2013
301,3034,1,Spring,2009
33,3034,2,Fall,2010
387,3035,1,Spring,2009
398,3035,2,Spring,2003
134,4368,1,Spring,2007
447,4368,2,Spring,2006
569,4369,1,Spring,2006
46,4370,1,Spring,2013
199,4371,1,Fall,2013
931,4371,2,Fall,2013
103,4372,1,Spring,2007
940,4372,2,Fall,2005
83,4373,1,Spring,2001
273,4373,2,Spring,2004
412,4374,1,Fall,2007
585,4375,1,Spring,2011
599,4375,2,Fall,2009
737,4376,1,Fall,2009
518,4376,2,Fall,2009
555,4377,1,Fall,2002
35,4377,2,Fall,2002
322,4378,1,Fall,2015
912,4378,2,Fall,2000
833,4379,1,Fall,2005
426,3036,1,Spring,2003
700,3036,2,Spring,2000
887,4380,1,Fall,2003
545,4380,2,Fall,2013
668,3037,1,Spring,2003
30,3037,2,Fall,2007
395,3038,1,Fall,2003
164,3038,2,Fall,2014
762,3039,1,Fall,2003
357,3040,1,Fall,2008
460,3041,1,Fall,2001
212,3042,1,Spring,2004
578,3042,2,Spring,2015
695,3043,1,Spring,2003
580,3044,1,Spring,2001
984,3045,1,Fall,2015
858,3045,2,Spring,2013
434,3046,1,Fall,2012
962,3047,1,Spring,2008
528,3047,2,Fall,2010
902,3048,1,Spring,2001
286,3049,1,Fall,2008
793,3049,2,Spring,2004
343,3050,1,Fall,2002
868,3050,2,Fall,2006
915,3051,1,Spring,2014
320,3052,1,Fall,2015
681,3053,1,Spring,2001
767,3053,2,Spring,2004
964,3054,1,Fall,2009
880,3055,1,Fall,2011
742,3056,1,Spring,2013
276,3056,2,Fall,2008
399,3057,1,Spring,2007
508,3058,1,Spring,2011
543,3058,2,Spring,2006
945,3059,1,Fall,2014
974,3060,1,Spring,2003
70,3060,2,Spring,2007
563,3061,1,Fall,2001
164,3061,2,Spring,2011
5,3062,1,Spring,2000
718,3062,2,Fall,2010
270,3063,1,Fall,2004
331,3064,1,Fall,2004
19,3065,1,Spring,2000
881,3065,2,Spring,2015
793,3066,1,Spring,2003
503,3066,2,Spring,2003
437,3067,1,Spring,2015
814,3067,2,Fall,2010
738,3068,1,Spring,2000
802,3068,2,Spring,2003
624,3069,1,Spring,2005
285,3069,2,Fall,2008
209,3070,1,Spring,2008
187,3071,1,Fall,2012
177,3071,2,Spring,2012
404,4381,1,Fall,2006
276,4381,2,Fall,2001
398,3072,1,Fall,2003
510,3072,2,Fall,2002
428,3073,1,Fall,2010
292,4382,1,Fall,2014
361,3074,1,Fall,2013
752,4383,1,Spring,2005
568,4383,2,Fall,2003
462,3075,1,Spring,2009
197,3075,2,Fall,2004
490,4384,1,Fall,2013
756,3076,1,Spring,2011
549,4385,1,Fall,2010
947,4385,2,Spring,2004
691,3077,1,Fall,2008
527,3077,2,Fall,2009
328,4386,1,Fall,2006
726,4386,2,Spring,2002
400,3078,1,Fall,2015
503,4387,1,Spring,2012
312,3079,1,Fall,2014
261,3079,2,Spring,2006
556,3080,1,Fall,2008
995,3080,2,Fall,2014
898,4388,1,Spring,2013
507,3081,1,Fall,2015
268,3081,2,Spring,2007
830,4389,1,Fall,2000
131,3082,1,Fall,2005
18,3082,2,Fall,2009
158,4390,1,Spring,2013
172,3083,1,Fall,2015
441,4391,1,Spring,2004
218,4391,2,Fall,2001
775,3084,1,Fall,2008
33,4392,1,Fall,2011
824,3085,1,Spring,2000
304,3085,2,Spring,2010
938,4393,1,Fall,2006
674,4393,2,Fall,2001
682,3086,1,Spring,2014
965,4394,1,Fall,2003
295,4394,2,Spring,2008
223,3087,1,Fall,2003
957,4395,1,Spring,2003
712,4395,2,Spring,2014
668,3088,1,Spring,2000
648,4396,1,Fall,2003
882,3089,1,Fall,2000
206,3089,2,Fall,2008
682,4397,1,Spring,2010
968,4397,2,Fall,2006
186,3090,1,Spring,2002
164,3090,2,Fall,2000
911,4398,1,Spring,2006
1,3091,1,Spring,2008
375,3091,2,Spring,2014
817,4399,1,Fall,2002
531,3092,1,Fall,2005
346,4400,1,Fall,2006
419,3093,1,Spring,2015
357,4401,1,Fall,2011
164,4401,2,Fall,2004
301,3094,1,Spring,2001
804,4402,1,Spring,2005
652,4402,2,Spring,2011
624,3095,1,Spring,2011
364,4403,1,Fall,2006
756,4404,1,Spring,2011
434,4404,2,Spring,2000
256,4405,1,Spring,2009
965,4405,2,Spring,2002
240,4406,1,Spring,2008
638,4407,1,Spring,2003
160,4407,2,Fall,2010
591,4408,1,Spring,2002
228,4408,2,Fall,2012
573,4409,1,Fall,2005
8,4410,1,Fall,2008
434,4410,2,Spring,2001
46,4411,1,Fall,2003
260,4412,1,Spring,2010
48,4412,2,Spring,2006
985,4413,1,Spring,2008
562,4414,1,Fall,2007
686,4415,1,Spring,2015
34,4416,1,Fall,2000
619,4416,2,Fall,2007
895,4417,1,Spring,2012
121,4418,1,Fall,2003
716,4419,1,Spring,2006
430,4419,2,Fall,2001
360,4420,1,Spring,2007
684,4420,2,Fall,2011
588,4421,1,Spring,2003
579,4422,1,Spring,2012
422,4423,1,Fall,2010
958,4423,2,Spring,2015
864,4424,1,Fall,2010
611,4424,2,Spring,2012
505,4425,1,Spring,2014
741,4425,2,Fall,2008
617,4426,1,Fall,2008
519,4426,2,Fall,2002
737,4427,1,Spring,2012
493,4428,1,Spring,2006
946,4428,2,Spring,2005
903,4429,1,Spring,2010
397,4430,1,Spring,2001
468,4430,2,Fall,2014
741,4431,1,Fall,2014
432,4431,2,Spring,2009
680,4432,1,Spring,2000
716,4432,2,Spring,2004
939,4433,1,Fall,2012
846,4434,1,Fall,2010
590,4434,2,Fall,2007
874,4435,1,Spring,2005
1,4435,2,Spring,2003
600,4436,1,Fall,2011
310,4437,1,Fall,2007
122,4437,2,Spring,2009
911,4438,1,Spring,2010
914,4438,2,Fall,2015
44,4439,1,Spring,2006
276,4439,2,Fall,2003
702,4440,1,Fall,2007
356,4441,1,Spring,2008
748,4441,2,Spring,2008
328,4442,1,Fall,2003
670,4442,2,Spring,2014
51,4443,1,Fall,2015
783,4444,1,Spring,2000
473,4444,2,Spring,2010
962,4445,1,Fall,2013
412,4446,1,Fall,2012
455,4447,1,Spring,2008
752,4447,2,Spring,2009
845,4448,1,Fall,2013
267,4448,2,Spring,2013
245,4449,1,Spring,2008
852,4450,1,Fall,2006
444,4450,2,Spring,2011
896,4451,1,Spring,2010
42,4452,1,Fall,2000
632,4452,2,Spring,2015
933,4453,1,Fall,2001
216,4453,2,Fall,2006
378,4454,1,Fall,2009
196,4455,1,Spring,2013
190,4456,1,Spring,2009
867,4456,2,Spring,2010
627,4457,1,Spring,2014
852,4457,2,Spring,2007
649,4458,1,Spring,2003
671,4458,2,Spring,2006
179,4459,1,Spring,2012
119,4459,2,Spring,2012
917,4460,1,Fall,2006
529,4461,1,Fall,2002
285,4461,2,Fall,2005
802,4462,1,Fall,2011
190,4463,1,Spring,2006
601,4464,1,Spring,2006
105,4465,1,Fall,2005
97,4466,1,Spring,2003
766,4466,2,Fall,2005
697,4467,1,Fall,2013
935,4467,2,Fall,2013
463,4468,1,Spring,2000
878,4468,2,Spring,2015
43,4469,1,Fall,2015
650,4470,1,Fall,2002
437,4470,2,Fall,2014
501,4471,1,Fall,2012
309,4471,2,Spring,2014
955,4472,1,Fall,2015
797,4472,2,Spring,2008
64,4473,1,Fall,2004
440,4473,2,Fall,2010
264,4474,1,Fall,2006
672,4474,2,Spring,2004
384,4475,1,Spring,2013
457,4475,2,Fall,2007
533,4476,1,Fall,2008
316,4477,1,Fall,2000
201,4477,2,Spring,2015
513,4478,1,Fall,2005
339,4479,1,Fall,2011
46,4480,1,Spring,2009
53,4481,1,Fall,2000
406,4482,1,Spring,2011
878,4483,1,Spring,2004
57,4483,2,Spring,2013
602,4484,1,Fall,2011
284,4484,2,Fall,2009
756,4485,1,Spring,2002
835,4485,2,Fall,2003
430,4486,1,Fall,2010
754,4487,1,Fall,2003
937,4488,1,Fall,2010
122,4489,1,Spring,2007
596,4490,1,Spring,2007
158,4491,1,Spring,2006
478,4492,1,Fall,2009
290,4492,2,Spring,2011
129,4493,1,Fall,2001
877,4494,1,Spring,2013
165,4495,1,Fall,2011
943,4495,2,Spring,2012
899,4496,1,Spring,2008
917,4496,2,Fall,2003
68,4497,1,Spring,2000
987,4498,1,Fall,2006
84,4498,2,Fall,2002
633,4499,1,Spring,2009
983,4500,1,Spring,2002
412,4500,2,Spring,2007
699,3096,1,Fall,2002
823,3096,2,Spring,2011
755,3097,1,Fall,2005
361,3098,1,Spring,2000
968,3099,1,Fall,2012
550,3100,1,Spring,2008
936,3100,2,Fall,2004
674,3101,1,Spring,2013
877,3101,2,Spring,2015
338,3102,1,Spring,2014
873,3103,1,Fall,2011
222,3104,1,Fall,2014
586,3104,2,Fall,2005
228,3105,1,Fall,2000
230,3106,1,Spring,2005
905,3107,1,Fall,2000
899,3108,1,Spring,2014
422,3109,1,Fall,2000
842,3109,2,Spring,2011
828,3110,1,Fall,2006
601,3110,2,Fall,2007
66,3111,1,Spring,2012
805,3112,1,Fall,2009
526,3112,2,Spring,2006
841,3113,1,Spring,2005
690,3113,2,Spring,2013
544,3114,1,Spring,2014
674,3115,1,Fall,2013
65,3116,1,Spring,2001
548,3117,1,Fall,2003
593,3117,2,Spring,2002
602,3118,1,Spring,2012
666,3118,2,Fall,2007
983,3119,1,Fall,2002
685,3119,2,Spring,2015
895,3120,1,Spring,2015
737,3120,2,Spring,2005
164,3121,1,Fall,2014
702,3122,1,Spring,2002
422,3122,2,Spring,2002
985,3123,1,Fall,2011
211,3123,2,Fall,2012
561,3124,1,Spring,2003
572,3124,2,Spring,2012
717,3125,1,Spring,2008
388,3126,1,Fall,2010
617,3127,1,Fall,2012
544,3128,1,Spring,2007
351,3129,1,Spring,2003
811,3129,2,Fall,2010
962,3130,1,Fall,2007
76,3130,2,Fall,2007
411,3131,1,Fall,2013
23,3131,2,Fall,2015
527,3132,1,Spring,2004
461,3132,2,Fall,2009
856,3133,1,Spring,2010
108,3134,1,Spring,2002
286,3135,1,Spring,2002
167,3135,2,Spring,2010
301,3136,1,Spring,2009
563,3136,2,Spring,2010
6,3137,1,Spring,2008
451,3138,1,Fall,2013
656,3139,1,Spring,2010
65,3140,1,Fall,2008
988,3140,2,Fall,2011
603,3141,1,Fall,2012
715,3141,2,Fall,2001
395,3142,1,Fall,2006
498,3142,2,Fall,2009
306,662,1,Fall,2001
75,662,2,Fall,2000
409,3143,1,Fall,2000
286,3143,2,Spring,2013
797,3144,1,Spring,2003
663,3144,2,Fall,2000
917,663,1,Spring,2001
503,3145,1,Spring,2004
903,664,1,Spring,2008
230,3146,1,Fall,2004
142,665,1,Fall,2003
950,3147,1,Fall,2013
368,666,1,Fall,2006
372,3148,1,Spring,2006
512,3148,2,Fall,2013
557,3149,1,Spring,2011
308,3149,2,Fall,2014
502,667,1,Spring,2015
958,668,1,Spring,2004
347,668,2,Fall,2002
909,3150,1,Spring,2012
577,3150,2,Spring,2010
653,669,1,Fall,2015
261,669,2,Spring,2008
789,3151,1,Fall,2007
745,3152,1,Fall,2006
92,670,1,Spring,2012
166,670,2,Fall,2013
885,3153,1,Spring,2000
873,3153,2,Spring,2008
695,671,1,Spring,2011
263,3154,1,Spring,2009
418,3154,2,Spring,2013
320,672,1,Spring,2010
105,3155,1,Fall,2015
239,673,1,Spring,2009
883,3156,1,Fall,2001
318,3156,2,Spring,2014
675,674,1,Fall,2012
385,3157,1,Spring,2010
835,675,1,Fall,2005
100,675,2,Spring,2013
888,3158,1,Spring,2000
361,3158,2,Spring,2007
261,676,1,Spring,2015
905,3159,1,Spring,2009
687,677,1,Fall,2007
318,3160,1,Fall,2004
765,678,1,Fall,2014
517,3161,1,Fall,2011
673,679,1,Fall,2004
39,3162,1,Spring,2005
785,680,1,Fall,2004
175,3163,1,Fall,2006
7,681,1,Spring,2005
765,3164,1,Fall,2000
21,682,1,Fall,2013
122,3165,1,Fall,2011
743,683,1,Fall,2008
355,3166,1,Fall,2014
287,3166,2,Spring,2001
117,684,1,Spring,2014
682,3167,1,Fall,2003
351,3167,2,Spring,2006
271,685,1,Spring,2007
539,3168,1,Spring,2014
62,3169,1,Fall,2000
856,3169,2,Spring,2015
401,686,1,Spring,2015
496,3170,1,Fall,2014
641,687,1,Spring,2015
92,687,2,Fall,2000
196,3171,1,Fall,2002
304,3171,2,Fall,2002
794,688,1,Fall,2009
404,688,2,Spring,2011
781,3172,1,Spring,2015
940,3172,2,Spring,2011
433,689,1,Fall,2008
457,689,2,Fall,2001
147,3173,1,Fall,2012
82,690,1,Fall,2015
122,690,2,Fall,2010
849,3174,1,Fall,2008
107,3174,2,Spring,2011
964,691,1,Spring,2011
860,691,2,Spring,2008
885,3175,1,Spring,2003
673,692,1,Fall,2004
340,692,2,Spring,2011
672,3176,1,Fall,2004
113,3176,2,Spring,2004
572,693,1,Spring,2010
133,3177,1,Fall,2007
734,694,1,Fall,2012
289,694,2,Fall,2013
811,3178,1,Spring,2005
910,695,1,Spring,2003
643,3179,1,Spring,2005
60,3179,2,Fall,2004
886,696,1,Fall,2004
650,696,2,Spring,2005
846,3180,1,Spring,2008
670,697,1,Fall,2001
240,3181,1,Fall,2012
820,3181,2,Spring,2000
767,698,1,Spring,2006
489,3182,1,Fall,2006
758,3182,2,Spring,2010
921,3183,1,Fall,2004
252,3183,2,Fall,2000
958,699,1,Spring,2008
81,699,2,Spring,2008
552,700,1,Fall,2011
429,700,2,Fall,2005
531,701,1,Fall,2006
250,701,2,Spring,2010
936,702,1,Spring,2002
106,703,1,Spring,2002
858,704,1,Fall,2007
708,705,1,Spring,2015
464,706,1,Spring,2005
305,706,2,Fall,2007
577,707,1,Fall,2000
677,707,2,Spring,2003
476,708,1,Spring,2010
375,708,2,Fall,2014
167,709,1,Fall,2010
708,710,1,Fall,2008
904,710,2,Spring,2013
925,711,1,Fall,2013
472,711,2,Spring,2008
379,712,1,Fall,2008
899,713,1,Spring,2006
534,714,1,Fall,2008
683,714,2,Spring,2000
935,715,1,Fall,2015
879,715,2,Spring,2011
244,716,1,Fall,2002
139,716,2,Spring,2011
94,717,1,Fall,2007
213,718,1,Fall,2014
471,719,1,Fall,2014
65,719,2,Fall,2003
315,720,1,Spring,2015
65,720,2,Fall,2014
193,721,1,Fall,2013
362,722,1,Spring,2001
989,722,2,Fall,2005
357,723,1,Spring,2011
501,723,2,Fall,2003
881,724,1,Spring,2014
937,724,2,Spring,2006
890,725,1,Fall,2006
371,726,1,Spring,2012
513,727,1,Fall,2007
684,727,2,Fall,2000
957,728,1,Spring,2007
317,729,1,Fall,2000
100,729,2,Fall,2006
542,730,1,Fall,2002
125,731,1,Fall,2002
147,732,1,Spring,2001
468,732,2,Fall,2003
492,733,1,Spring,2004
715,733,2,Spring,2013
385,734,1,Spring,2010
484,734,2,Spring,2007
257,735,1,Fall,2010
535,736,1,Fall,2000
934,736,2,Fall,2007
569,737,1,Spring,2007
743,738,1,Fall,2012
128,738,2,Fall,2011
924,739,1,Fall,2008
877,740,1,Fall,2001
791,741,1,Spring,2010
352,741,2,Spring,2009
407,742,1,Spring,2000
698,743,1,Fall,2012
1,743,2,Spring,2003
633,744,1,Fall,2013
739,744,2,Fall,2003
541,745,1,Fall,2013
85,745,2,Spring,2008
896,746,1,Fall,2006
258,746,2,Spring,2009
728,747,1,Fall,2002
836,747,2,Spring,2004
806,748,1,Spring,2000
439,748,2,Fall,2004
356,749,1,Fall,2011
708,749,2,Fall,2002
965,750,1,Spring,2014
414,751,1,Spring,2007
302,752,1,Spring,2004
179,753,1,Spring,2006
809,753,2,Spring,2006
285,754,1,Fall,2010
897,754,2,Fall,2001
284,755,1,Fall,2003
937,756,1,Fall,2014
302,757,1,Spring,2004
70,757,2,Fall,2003
380,758,1,Spring,2013
621,759,1,Fall,2000
67,759,2,Fall,2005
478,760,1,Spring,2014
988,761,1,Fall,2011
28,761,2,Fall,2012
114,762,1,Fall,2007
834,762,2,Spring,2007
236,763,1,Fall,2005
521,764,1,Spring,2002
243,764,2,Spring,2006
667,765,1,Spring,2009
910,766,1,Spring,2000
919,767,1,Spring,2012
154,768,1,Spring,2000
158,769,1,Spring,2014
251,769,2,Spring,2010
14,770,1,Fall,2003
203,771,1,Spring,2004
899,772,1,Fall,2015
250,773,1,Fall,2011
899,773,2,Fall,2010
745,774,1,Fall,2005
956,774,2,Spring,2003
391,775,1,Spring,2005
238,775,2,Fall,2001
149,776,1,Spring,2013
851,776,2,Spring,2014
781,777,1,Spring,2007
939,777,2,Spring,2005
436,778,1,Spring,2006
424,779,1,Spring,2015
414,779,2,Fall,2015
447,780,1,Spring,2011
909,781,1,Fall,2001
810,782,1,Fall,2007
669,782,2,Fall,2011
177,783,1,Fall,2004
765,783,2,Fall,2002
24,784,1,Fall,2013
251,784,2,Fall,2004
694,785,1,Fall,2001
335,785,2,Fall,2006
510,786,1,Fall,2011
817,786,2,Spring,2010
747,787,1,Spring,2008
369,788,1,Spring,2004
678,789,1,Fall,2006
94,790,1,Spring,2003
969,791,1,Fall,2003
667,792,1,Spring,2002
213,792,2,Fall,2007
495,793,1,Spring,2006
718,794,1,Fall,2002
358,794,2,Spring,2011
24,795,1,Spring,2005
303,795,2,Spring,2004
654,796,1,Fall,2007
176,797,1,Fall,2002
805,798,1,Fall,2010
313,798,2,Spring,2010
456,799,1,Spring,2001
676,800,1,Spring,2002
405,800,2,Spring,2013
308,801,1,Spring,2014
172,802,1,Spring,2003
112,803,1,Spring,2013
264,803,2,Spring,2002
452,804,1,Spring,2002
730,804,2,Fall,2013
974,805,1,Spring,2011
270,806,1,Fall,2013
631,807,1,Fall,2011
730,807,2,Spring,2001
362,808,1,Spring,2001
870,809,1,Fall,2013
94,810,1,Spring,2009
479,810,2,Fall,2015
663,811,1,Fall,2006
441,811,2,Spring,2013
337,812,1,Fall,2009
833,813,1,Spring,2009
213,814,1,Spring,2012
486,814,2,Fall,2015
131,815,1,Fall,2005
947,815,2,Fall,2010
631,816,1,Spring,2002
284,816,2,Fall,2002
786,817,1,Spring,2008
312,818,1,Fall,2003
725,819,1,Spring,2012
929,819,2,Spring,2001
17,820,1,Fall,2005
110,820,2,Fall,2000
971,821,1,Spring,2002
848,821,2,Spring,2015
668,822,1,Spring,2000
678,822,2,Spring,2013
700,823,1,Spring,2004
431,823,2,Fall,2013
71,824,1,Fall,2008
63,825,1,Fall,2010
918,826,1,Spring,2008
703,827,1,Spring,2011
586,827,2,Fall,2015
716,828,1,Spring,2013
98,829,1,Fall,2008
799,830,1,Spring,2013
150,830,2,Fall,2005
383,831,1,Fall,2003
299,831,2,Spring,2014
179,832,1,Spring,2006
689,833,1,Spring,2004
196,833,2,Fall,2006
290,834,1,Spring,2004
927,835,1,Spring,2013
514,836,1,Spring,2011
485,836,2,Spring,2010
320,837,1,Spring,2005
767,838,1,Fall,2000
165,838,2,Spring,2012
798,839,1,Fall,2008
240,840,1,Fall,2009
6,840,2,Spring,2009
185,841,1,Spring,2007
219,841,2,Spring,2006
15,842,1,Spring,2007
363,843,1,Fall,2007
695,844,1,Spring,2010
757,844,2,Spring,2006
486,845,1,Spring,2006
83,846,1,Fall,2011
377,847,1,Spring,2001
793,847,2,Fall,2006
374,848,1,Fall,2013
485,848,2,Spring,2013
226,849,1,Fall,2012
395,850,1,Fall,2008
348,851,1,Fall,2000
671,852,1,Spring,2005
251,852,2,Spring,2015
558,853,1,Fall,2012
496,854,1,Spring,2010
586,855,1,Spring,2010
841,855,2,Fall,2003
141,856,1,Fall,2013
388,856,2,Spring,2011
61,857,1,Spring,2007
350,858,1,Spring,2000
0,859,1,Fall,2009
269,860,1,Spring,2001
981,860,2,Spring,2012
721,861,1,Spring,2010
89,861,2,Fall,2011
544,862,1,Spring,2015
722,862,2,Fall,2013
319,863,1,Fall,2003
761,864,1,Spring,2004
916,864,2,Spring,2010
148,865,1,Fall,2003
547,866,1,Fall,2006
564,867,1,Fall,2011
203,867,2,Spring,2010
774,868,1,Fall,2015
656,868,2,Spring,2004
989,869,1,Spring,2008
819,870,1,Fall,2006
793,871,1,Fall,2013
454,872,1,Fall,2005
505,873,1,Spring,2000
395,874,1,Spring,2013
331,875,1,Fall,2013
999,875,2,Fall,2002
333,876,1,Fall,2001
151,876,2,Fall,2006
968,877,1,Fall,2000
535,878,1,Spring,2008
414,878,2,Fall,2011
625,879,1,Spring,2012
852,880,1,Spring,2010
708,880,2,Fall,2001
146,881,1,Spring,2009
690,882,1,Spring,2011
609,882,2,Spring,2000
625,883,1,Fall,2013
655,883,2,Fall,2008
377,884,1,Fall,2009
657,885,1,Fall,2006
161,886,1,Spring,2013
239,886,2,Spring,2003
402,887,1,Fall,2000
96,887,2,Fall,2001
421,888,1,Fall,2001
259,888,2,Fall,2003
257,889,1,Spring,2004
838,889,2,Fall,2009
868,890,1,Spring,2002
368,891,1,Spring,2004
656,892,1,Fall,2010
355,893,1,Spring,2005
465,893,2,Spring,2006
205,894,1,Fall,2007
372,895,1,Spring,2003
704,895,2,Fall,2004
197,896,1,Spring,2005
667,896,2,Fall,2002
907,897,1,Spring,2011
507,897,2,Spring,2014
570,898,1,Fall,2005
737,898,2,Fall,2000
456,899,1,Spring,2011
922,899,2,Fall,2003
877,900,1,Fall,2000
299,901,1,Fall,2015
883,902,1,Fall,2013
784,902,2,Fall,2011
96,903,1,Spring,2006
577,904,1,Spring,2002
763,905,1,Fall,2012
217,906,1,Fall,2012
473,907,1,Fall,2007
666,907,2,Fall,2011
63,908,1,Spring,2005
734,908,2,Spring,2012
531,909,1,Spring,2000
52,909,2,Fall,2012
31,910,1,Fall,2012
693,910,2,Fall,2011
368,911,1,Spring,2014
741,912,1,Fall,2009
245,913,1,Spring,2009
312,914,1,Fall,2014
404,915,1,Spring,2015
423,916,1,Fall,2014
706,917,1,Fall,2007
121,918,1,Spring,2001
227,919,1,Spring,2008
674,920,1,Fall,2007
437,920,2,Fall,2007
349,921,1,Spring,2012
970,922,1,Fall,2013
89,923,1,Fall,2009
256,924,1,Fall,2015
501,924,2,Fall,2008
299,925,1,Spring,2012
482,926,1,Fall,2009
846,927,1,Fall,2011
627,927,2,Spring,2014
838,928,1,Spring,2010
244,929,1,Spring,2005
439,930,1,Fall,2001
149,931,1,Spring,2000
674,931,2,Spring,2008
626,932,1,Spring,2008
881,933,1,Fall,2005
94,933,2,Spring,2007
418,934,1,Fall,2012
966,934,2,Fall,2002
389,935,1,Spring,2007
547,935,2,Fall,2002
18,936,1,Fall,2007
430,936,2,Fall,2000
60,937,1,Spring,2013
591,938,1,Fall,2015
552,938,2,Spring,2001
553,939,1,Fall,2011
268,939,2,Fall,2006
994,940,1,Fall,2002
130,941,1,Fall,2002
980,942,1,Fall,2013
601,942,2,Fall,2014
348,943,1,Spring,2013
693,943,2,Spring,2000
630,944,1,Spring,2013
294,944,2,Spring,2001
535,945,1,Spring,2001
467,946,1,Spring,2010
356,946,2,Fall,2015
581,947,1,Fall,2007
970,948,1,Fall,2011
955,948,2,Spring,2002
179,949,1,Fall,2008
479,950,1,Spring,2007
925,951,1,Spring,2001
285,951,2,Spring,2006
598,952,1,Fall,2011
959,953,1,Fall,2001
251,954,1,Spring,2002
421,954,2,Fall,2014
911,955,1,Spring,2013
664,956,1,Spring,2011
204,956,2,Spring,2012
159,957,1,Spring,2009
680,958,1,Fall,2006
854,958,2,Spring,2011
698,959,1,Spring,2010
535,959,2,Spring,2012
756,960,1,Spring,2003
110,961,1,Fall,2003
518,962,1,Fall,2015
745,963,1,Fall,2010
454,964,1,Fall,2012
459,965,1,Fall,2004
720,965,2,Fall,2005
418,966,1,Spring,2000
389,967,1,Fall,2007
399,967,2,Spring,2002
208,968,1,Spring,2010
530,968,2,Fall,2014
549,969,1,Fall,2012
20,970,1,Spring,2010
701,970,2,Fall,2005
611,971,1,Fall,2014
455,972,1,Spring,2000
822,972,2,Spring,2008
334,973,1,Fall,2014
309,973,2,Spring,2006
814,974,1,Spring,2008
535,975,1,Fall,2004
785,975,2,Fall,2003
953,976,1,Spring,2001
160,976,2,Fall,2000
969,977,1,Fall,2007
823,977,2,Spring,2009
262,978,1,Spring,2003
138,978,2,Fall,2009
203,979,1,Fall,2006
339,980,1,Spring,2006
586,981,1,Spring,2007
127,981,2,Fall,2001
779,982,1,Fall,2000
726,982,2,Spring,2007
225,983,1,Fall,2006
544,984,1,Fall,2000
703,985,1,Spring,2010
307,985,2,Fall,2003
664,986,1,Spring,2014
666,986,2,Fall,2002
718,987,1,Spring,2010
275,987,2,Fall,2013
397,988,1,Fall,2012
20,989,1,Fall,2002
438,989,2,Fall,2007
120,990,1,Fall,2010
709,990,2,Spring,2008
870,991,1,Spring,2000
619,991,2,Fall,2011
152,992,1,Fall,2010
793,992,2,Fall,2008
545,993,1,Fall,2013
100,994,1,Fall,2011
922,995,1,Fall,2008
74,996,1,Spring,2010
271,996,2,Fall,2003
111,997,1,Spring,2007
234,997,2,Spring,2013
708,998,1,Fall,2013
43,999,1,Fall,2009
591,1000,1,Fall,2015
202,1000,2,Fall,2003
786,2156,1,Fall,2003
48,2157,1,Fall,2012
45,2158,1,Spring,2013
760,2159,1,Fall,2001
987,2159,2,Spring,2005
781,2160,1,Spring,2004
809,2160,2,Fall,2012
197,2161,1,Spring,2012
329,2162,1,Fall,2002
665,2162,2,Fall,2003
169,2163,1,Fall,2003
168,2163,2,Spring,2002
746,2164,1,Spring,2010
372,2165,1,Fall,2003
797,2165,2,Fall,2008
108,2166,1,Fall,2014
209,2167,1,Spring,2008
589,2168,1,Spring,2011
899,2168,2,Spring,2009
775,2169,1,Spring,2006
118,2169,2,Spring,2012
467,2170,1,Spring,2008
173,2170,2,Fall,2001
429,2171,1,Spring,2003
817,2172,1,Spring,2010
978,2173,1,Spring,2003
642,2174,1,Spring,2009
876,2175,1,Fall,2014
723,2176,1,Spring,2008
182,2177,1,Fall,2013
585,2177,2,Fall,2015
50,2178,1,Spring,2004
97,2178,2,Spring,2014
463,2179,1,Spring,2001
529,2180,1,Spring,2008
868,2180,2,Fall,2008
515,2181,1,Spring,2006
918,2182,1,Spring,2005
999,2183,1,Fall,2014
482,2183,2,Spring,2011
844,2184,1,Spring,2003
61,2184,2,Spring,2012
149,2185,1,Fall,2008
903,2186,1,Fall,2007
304,2187,1,Spring,2000
675,2188,1,Spring,2015
775,2189,1,Spring,2012
38,2189,2,Fall,2010
140,2190,1,Fall,2005
709,2190,2,Fall,2012
132,2191,1,Spring,2015
65,2191,2,Spring,2015
642,2192,1,Fall,2012
523,2192,2,Spring,2009
861,2193,1,Spring,2012
457,2193,2,Spring,2004
499,2194,1,Fall,2009
502,2195,1,Spring,2013
33,2195,2,Fall,2015
694,2196,1,Fall,2009
177,2196,2,Fall,2004
164,2197,1,Spring,2005
129,2198,1,Spring,2004
204,2198,2,Spring,2007
968,2199,1,Spring,2013
880,2199,2,Spring,2009
973,2200,1,Fall,2003
739,2200,2,Fall,2015
30,2201,1,Spring,2012
56,2201,2,Fall,2000
393,2202,1,Fall,2014
765,2203,1,Fall,2009
770,2204,1,Fall,2007
839,2204,2,Fall,2001
916,2205,1,Spring,2008
818,2205,2,Fall,2009
836,2206,1,Spring,2002
987,2206,2,Fall,2003
474,2207,1,Spring,2005
195,2208,1,Fall,2007
633,2208,2,Fall,2014
371,2209,1,Spring,2014
666,2209,2,Spring,2012
803,2210,1,Spring,2000
900,2211,1,Fall,2000
241,2212,1,Spring,2006
828,2212,2,Fall,2004
921,2213,1,Spring,2002
102,2214,1,Fall,2013
996,2215,1,Fall,2002
619,2215,2,Spring,2002
472,2216,1,Spring,2015
467,2217,1,Fall,2011
564,2217,2,Fall,2001
149,2218,1,Spring,2012
473,2219,1,Fall,2006
712,2219,2,Spring,2002
978,2220,1,Fall,2000
887,2220,2,Fall,2006
218,2221,1,Fall,2002
750,2222,1,Fall,2014
883,2223,1,Spring,2009
607,2223,2,Spring,2008
363,2224,1,Spring,2014
425,2224,2,Spring,2000
196,2225,1,Spring,2007
891,2225,2,Spring,2006
391,2226,1,Spring,2005
259,2226,2,Fall,2011
115,2227,1,Fall,2007
669,2227,2,Spring,2003
398,2228,1,Spring,2005
470,2229,1,Fall,2011
174,2230,1,Spring,2012
502,2230,2,Fall,2013
657,2231,1,Spring,2004
524,2231,2,Fall,2015
727,2232,1,Fall,2000
432,2233,1,Spring,2000
827,2233,2,Fall,2006
583,2234,1,Fall,2011
961,2234,2,Fall,2008
723,2235,1,Spring,2010
525,2236,1,Fall,2002
179,2237,1,Fall,2008
970,2238,1,Spring,2005
862,2239,1,Spring,2009
262,2239,2,Spring,2014
980,2240,1,Fall,2011
437,2241,1,Spring,2009
364,2242,1,Spring,2010
962,2242,2,Fall,2015
753,2243,1,Spring,2008
280,2243,2,Spring,2001
693,2244,1,Fall,2009
965,2244,2,Spring,2001
434,2245,1,Fall,2009
68,2246,1,Spring,2006
886,2246,2,Fall,2009
775,2247,1,Fall,2002
582,2248,1,Spring,2013
230,2249,1,Spring,2007
627,2249,2,Spring,2000
165,2250,1,Fall,2005
413,2251,1,Spring,2005
257,2252,1,Spring,2013
536,2252,2,Spring,2008
640,2253,1,Spring,2004
751,2253,2,Spring,2006
901,2254,1,Fall,2005
449,2255,1,Fall,2010
8,2255,2,Spring,2009
701,2256,1,Fall,2011
625,2257,1,Fall,2003
159,2257,2,Fall,2006
409,2258,1,Fall,2003
517,2259,1,Spring,2011
679,2259,2,Fall,2008
612,2260,1,Fall,2003
932,2261,1,Spring,2001
400,2261,2,Fall,2008
758,2262,1,Fall,2008
666,2263,1,Spring,2007
913,2263,2,Spring,2013
323,2264,1,Spring,2005
176,2265,1,Fall,2009
190,2266,1,Fall,2007
485,2266,2,Fall,2006
340,2267,1,Spring,2000
425,2268,1,Spring,2006
979,2268,2,Fall,2001
999,2269,1,Spring,2005
822,2269,2,Fall,2004
937,2270,1,Spring,2006
480,2270,2,Spring,2003
113,2271,1,Spring,2005
940,2271,2,Fall,2013
322,2272,1,Fall,2011
561,2272,2,Fall,2008
328,2273,1,Spring,2014
711,2273,2,Spring,2013
640,2274,1,Fall,2013
815,2275,1,Fall,2000
171,2275,2,Fall,2008
452,2276,1,Spring,2006
648,2277,1,Spring,2004
411,2278,1,Spring,2007
267,2279,1,Fall,2008
15,2280,1,Spring,2008
209,2281,1,Spring,2004
560,2282,1,Spring,2009
97,2283,1,Fall,2001
216,2284,1,Spring,2007
568,2284,2,Spring,2004
250,2285,1,Spring,2014
735,2285,2,Spring,2003
146,2286,1,Fall,2002
669,2286,2,Spring,2000
770,2287,1,Fall,2014
798,2288,1,Fall,2000
178,2288,2,Fall,2004
967,2289,1,Spring,2001
372,2290,1,Fall,2002
586,2291,1,Spring,2013
30,2292,1,Fall,2012
546,2292,2,Spring,2008
342,2293,1,Fall,2001
553,2294,1,Fall,2014
223,2294,2,Fall,2011
882,2295,1,Fall,2014
882,2296,1,Fall,2007
830,2297,1,Fall,2005
659,2298,1,Fall,2015
635,2298,2,Spring,2012
208,2299,1,Spring,2003
916,2300,1,Spring,2003
498,2301,1,Spring,2006
491,2301,2,Spring,2013
881,2302,1,Fall,2010
619,2302,2,Spring,2008
435,2303,1,Spring,2014
208,2304,1,Fall,2004
591,2304,2,Fall,2012
802,2305,1,Fall,2015
297,2305,2,Fall,2010
474,2306,1,Fall,2014
463,2306,2,Fall,2012
133,2307,1,Fall,2012
465,2307,2,Spring,2002
153,2308,1,Fall,2000
571,2309,1,Spring,2014
6,2310,1,Fall,2014
96,2310,2,Fall,2010
584,2311,1,Fall,2008
529,2311,2,Spring,2013
407,2312,1,Spring,2005
885,2313,1,Spring,2007
82,2314,1,Spring,2012
884,2315,1,Spring,2007
962,2315,2,Fall,2012
807,2316,1,Spring,2004
716,2316,2,Fall,2011
267,2317,1,Fall,2007
384,2318,1,Fall,2014
485,2318,2,Spring,2012
150,2319,1,Fall,2009
539,2320,1,Fall,2012
165,2321,1,Spring,2002
789,2322,1,Spring,2014
691,2323,1,Spring,2010
125,2324,1,Fall,2011
194,2325,1,Spring,2010
455,2326,1,Spring,2010
63,2326,2,Fall,2011
793,2327,1,Fall,2005
682,2327,2,Spring,2002
840,2328,1,Fall,2009
38,2329,1,Spring,2009
352,2330,1,Fall,2006
777,2330,2,Fall,2007
684,2331,1,Spring,2012
763,2332,1,Fall,2008
654,2332,2,Fall,2013
688,2333,1,Fall,2012
341,2334,1,Fall,2004
7,2334,2,Fall,2013
657,2335,1,Spring,2006
652,2336,1,Spring,2014
324,2336,2,Fall,2008
575,2337,1,Fall,2001
421,2338,1,Fall,2001
299,2338,2,Spring,2014
737,2339,1,Fall,2000
785,2339,2,Fall,2013
637,2340,1,Fall,2006
73,2341,1,Fall,2006
567,2342,1,Fall,2008
128,2343,1,Spring,2012
194,2344,1,Fall,2003
317,2344,2,Fall,2007
854,2345,1,Fall,2000
951,2345,2,Spring,2013
314,2346,1,Spring,2006
520,2347,1,Fall,2012
948,2348,1,Spring,2004
760,2348,2,Spring,2010
291,2349,1,Fall,2007
311,2350,1,Spring,2007
739,2350,2,Fall,2011
213,2351,1,Fall,2014
264,2352,1,Spring,2003
390,2352,2,Spring,2013
482,2353,1,Fall,2003
393,2353,2,Fall,2007
362,2354,1,Spring,2004
733,2354,2,Spring,2006
553,2355,1,Spring,2009
744,2355,2,Spring,2014
20,2356,1,Spring,2008
549,2357,1,Spring,2006
127,2358,1,Spring,2005
611,2359,1,Fall,2001
171,2360,1,Spring,2001
169,2361,1,Fall,2009
748,2362,1,Fall,2014
81,2363,1,Fall,2001
803,2364,1,Spring,2010
877,2365,1,Spring,2002
582,2365,2,Spring,2009
966,2366,1,Spring,2008
363,2366,2,Spring,2006
507,2367,1,Spring,2008
481,2368,1,Spring,2004
806,2369,1,Fall,2003
875,2369,2,Spring,2007
301,2370,1,Fall,2007
86,2370,2,Fall,2001
916,2371,1,Fall,2001
818,2372,1,Spring,2007
926,2373,1,Fall,2014
892,2373,2,Spring,2004
982,2374,1,Spring,2008
801,2374,2,Fall,2006
238,2375,1,Fall,2009
592,2375,2,Spring,2007
512,2376,1,Spring,2001
273,2376,2,Spring,2007
410,2377,1,Fall,2003
615,2378,1,Spring,2011
700,2378,2,Spring,2013
46,2379,1,Fall,2001
338,2380,1,Spring,2012
485,2380,2,Fall,2009
710,2381,1,Spring,2001
882,2382,1,Spring,2003
796,2383,1,Fall,2013
634,2384,1,Spring,2004
727,2384,2,Fall,2015
930,2385,1,Fall,2011
205,2386,1,Spring,2002
222,2387,1,Fall,2000
687,2387,2,Fall,2012
881,2388,1,Fall,2000
164,2389,1,Fall,2007
30,2389,2,Fall,2015
281,2390,1,Fall,2001
306,2391,1,Spring,2005
906,2391,2,Spring,2008
895,2392,1,Fall,2002
782,2393,1,Fall,2011
398,2394,1,Fall,2001
557,2395,1,Spring,2003
146,2396,1,Fall,2008
297,2397,1,Spring,2014
971,2397,2,Spring,2009
145,2398,1,Spring,2007
59,2398,2,Fall,2011
714,2399,1,Fall,2008
389,2399,2,Fall,2003
820,2400,1,Spring,2012
772,2400,2,Fall,2011
450,2401,1,Spring,2010
346,2402,1,Fall,2011
148,2403,1,Spring,2012
230,2404,1,Fall,2012
217,2405,1,Fall,2013
64,2405,2,Fall,2014
937,2406,1,Fall,2003
47,2406,2,Fall,2007
632,2407,1,Fall,2003
357,2407,2,Spring,2003
745,2408,1,Fall,2009
220,2409,1,Fall,2015
388,2409,2,Fall,2011
621,2410,1,Spring,2011
53,2410,2,Fall,2005
984,2411,1,Spring,2003
637,2412,1,Fall,2008
33,2413,1,Spring,2015
430,2414,1,Fall,2001
644,2415,1,Spring,2004
516,2415,2,Fall,2011
564,2416,1,Spring,2005
226,2417,1,Fall,2001
312,2417,2,Spring,2012
577,2418,1,Spring,2005
294,2419,1,Spring,2001
566,2420,1,Spring,2000
789,2420,2,Spring,2000
658,2421,1,Fall,2014
449,2421,2,Spring,2011
534,2422,1,Spring,2003
272,2423,1,Fall,2012
864,2423,2,Spring,2003
942,2424,1,Fall,2010
385,2424,2,Fall,2011
375,2425,1,Fall,2013
451,2426,1,Fall,2007
525,2426,2,Spring,2015
130,2427,1,Fall,2010
86,2428,1,Spring,2011
255,2428,2,Fall,2001
403,2429,1,Fall,2006
772,2430,1,Spring,2002
360,2430,2,Fall,2012
546,2431,1,Spring,2003
340,2432,1,Fall,2003
361,2432,2,Fall,2007
589,2433,1,Fall,2015
336,2433,2,Spring,2009
399,2434,1,Spring,2011
712,2435,1,Spring,2002
532,2436,1,Spring,2005
536,2437,1,Spring,2002
445,2437,2,Spring,2015
649,2438,1,Spring,2012
48,2439,1,Fall,2012
733,2440,1,Fall,2001
678,2440,2,Spring,2006
822,2441,1,Spring,2003
222,2442,1,Fall,2010
993,2443,1,Spring,2005
550,2444,1,Spring,2008
2,2445,1,Fall,2009
747,2445,2,Fall,2014
151,2446,1,Spring,2013
662,2447,1,Fall,2008
669,2448,1,Spring,2012
972,2449,1,Fall,2008
229,2450,1,Spring,2002
961,2450,2,Fall,2004
911,2451,1,Fall,2009
334,2451,2,Spring,2013
682,2452,1,Spring,2013
648,2453,1,Fall,2005
273,2453,2,Spring,2015
765,2454,1,Spring,2008
687,2455,1,Spring,2001
740,2455,2,Spring,2012
912,2456,1,Fall,2007
932,2456,2,Spring,2009
183,2457,1,Fall,2008
115,2458,1,Spring,2001
431,2459,1,Fall,2012
452,2460,1,Spring,2008
334,2460,2,Spring,2011
415,2461,1,Spring,2002
153,2461,2,Fall,2004
691,2462,1,Fall,2005
803,2462,2,Fall,2010
418,2463,1,Fall,2014
911,2463,2,Fall,2009
167,2464,1,Fall,2002
369,2465,1,Fall,2002
516,2465,2,Fall,2000
218,2466,1,Spring,2004
386,2467,1,Fall,2008
955,2467,2,Spring,2004
887,2468,1,Spring,2002
295,2469,1,Spring,2008
647,2470,1,Fall,2012
607,2470,2,Fall,2001
106,2471,1,Spring,2008
32,2471,2,Fall,2010
869,2472,1,Fall,2009
8,2473,1,Spring,2001
522,2473,2,Fall,2012
637,2474,1,Fall,2007
971,2474,2,Spring,2015
746,2475,1,Spring,2011
717,2476,1,Spring,2011
390,2476,2,Fall,2014
149,2477,1,Spring,2007
92,2477,2,Fall,2005
285,2478,1,Fall,2010
293,2478,2,Fall,2004
846,2479,1,Fall,2008
419,2480,1,Spring,2002
32,2480,2,Fall,2003
455,2481,1,Fall,2005
159,2481,2,Spring,2001
100,2482,1,Fall,2006
197,2483,1,Spring,2008
982,2484,1,Fall,2009
107,2484,2,Fall,2001
523,2485,1,Fall,2004
298,2485,2,Spring,2003
787,2486,1,Spring,2010
458,3510,1,Spring,2004
45,3510,2,Fall,2002
772,2487,1,Fall,2004
604,2487,2,Fall,2009
692,3511,1,Fall,2005
685,3512,1,Spring,2008
256,2488,1,Fall,2009
444,2488,2,Fall,2008
524,3513,1,Spring,2009
66,3513,2,Fall,2013
488,2489,1,Fall,2004
431,3514,1,Spring,2010
774,2490,1,Spring,2000
588,2490,2,Spring,2004
307,3515,1,Spring,2005
508,3515,2,Spring,2004
493,2491,1,Fall,2015
87,3516,1,Fall,2003
359,3516,2,Fall,2003
381,2492,1,Fall,2014
924,3517,1,Spring,2009
525,3517,2,Fall,2015
447,2493,1,Fall,2006
137,3518,1,Spring,2009
11,3518,2,Fall,2008
53,2494,1,Spring,2010
213,2494,2,Spring,2009
296,3519,1,Fall,2006
104,3519,2,Spring,2012
915,2495,1,Fall,2004
208,2495,2,Fall,2010
991,3520,1,Spring,2004
688,3521,1,Fall,2014
224,3521,2,Spring,2003
92,2496,1,Fall,2008
373,2496,2,Spring,2012
703,3522,1,Fall,2009
387,2497,1,Fall,2015
841,3523,1,Fall,2013
345,3523,2,Fall,2001
784,2498,1,Spring,2005
393,2498,2,Fall,2004
572,3524,1,Spring,2000
49,3525,1,Spring,2014
791,3526,1,Fall,2000
961,3527,1,Fall,2011
544,3528,1,Fall,2010
519,3528,2,Fall,2005
464,3529,1,Fall,2005
259,3530,1,Fall,2001
187,3530,2,Fall,2011
488,3531,1,Fall,2009
363,3531,2,Spring,2008
955,3532,1,Fall,2013
402,3533,1,Fall,2003
69,3534,1,Spring,2002
759,3535,1,Spring,2007
726,3536,1,Fall,2009
929,3536,2,Spring,2015
684,3537,1,Spring,2006
390,3538,1,Spring,2000
329,3538,2,Fall,2013
86,3539,1,Spring,2015
220,3539,2,Spring,2010
825,3540,1,Fall,2005
606,3540,2,Spring,2004
548,3541,1,Spring,2008
833,3542,1,Fall,2012
583,3543,1,Spring,2014
310,3543,2,Spring,2012
802,3544,1,Spring,2015
519,3545,1,Spring,2000
965,3546,1,Fall,2007
731,3546,2,Spring,2005
354,3547,1,Spring,2003
362,3547,2,Spring,2002
185,3548,1,Fall,2004
862,3549,1,Fall,2011
799,3550,1,Fall,2006
74,3550,2,Fall,2014
612,3551,1,Fall,2009
807,3551,2,Fall,2003
499,3552,1,Fall,2001
22,3552,2,Spring,2004
648,3553,1,Spring,2015
431,3553,2,Fall,2014
736,3554,1,Fall,2007
195,3554,2,Fall,2004
280,3555,1,Spring,2008
329,3555,2,Fall,2010
447,3556,1,Spring,2013
348,3556,2,Spring,2000
296,3557,1,Spring,2010
674,3558,1,Fall,2011
727,3559,1,Spring,2013
585,3560,1,Spring,2014
427,3560,2,Spring,2005
361,3561,1,Fall,2012
783,3562,1,Fall,2010
747,3563,1,Fall,2011
670,3564,1,Fall,2000
720,3565,1,Fall,2014
511,3565,2,Spring,2008
578,3566,1,Spring,2001
844,3566,2,Spring,2004
908,3567,1,Spring,2014
28,3567,2,Fall,2008
790,3568,1,Spring,2007
559,3569,1,Spring,2001
540,3570,1,Spring,2009
892,3571,1,Spring,2007
946,3572,1,Fall,2006
394,3573,1,Fall,2011
74,3184,1,Spring,2013
846,3184,2,Fall,2003
919,3574,1,Spring,2004
197,3575,1,Fall,2000
219,3575,2,Spring,2008
880,3185,1,Fall,2007
809,3576,1,Fall,2010
50,3186,1,Fall,2008
875,3577,1,Fall,2014
174,3187,1,Spring,2013
85,3187,2,Fall,2012
790,3578,1,Spring,2004
465,3188,1,Fall,2004
610,3188,2,Spring,2009
150,3579,1,Fall,2011
545,3189,1,Fall,2005
419,3580,1,Fall,2014
793,3580,2,Spring,2005
486,3190,1,Spring,2009
919,3581,1,Spring,2009
69,3191,1,Fall,2000
817,3582,1,Spring,2001
810,3192,1,Spring,2003
354,3583,1,Spring,2010
883,3193,1,Spring,2003
683,3193,2,Fall,2009
871,3584,1,Spring,2014
25,3194,1,Fall,2003
644,3194,2,Fall,2011
748,3585,1,Fall,2008
834,3585,2,Fall,2013
978,3195,1,Fall,2003
24,3195,2,Fall,2003
334,3586,1,Spring,2004
259,3586,2,Spring,2006
301,3196,1,Spring,2005
901,3587,1,Spring,2008
865,3197,1,Spring,2015
428,3588,1,Spring,2011
589,3198,1,Spring,2014
82,3198,2,Spring,2005
873,3589,1,Spring,2013
781,3589,2,Spring,2010
607,3199,1,Fall,2011
986,3199,2,Fall,2014
535,3590,1,Spring,2003
572,3590,2,Fall,2010
815,3200,1,Spring,2010
558,3591,1,Fall,2015
102,3591,2,Spring,2003
732,3201,1,Fall,2008
947,3592,1,Spring,2007
719,3592,2,Fall,2001
331,3202,1,Spring,2005
341,3202,2,Spring,2005
90,3593,1,Spring,2002
939,3593,2,Spring,2013
352,3203,1,Spring,2001
430,3203,2,Fall,2003
85,3594,1,Spring,2006
143,3204,1,Fall,2007
879,3595,1,Spring,2013
441,3595,2,Fall,2011
790,3205,1,Spring,2001
722,3205,2,Fall,2009
220,3596,1,Fall,2002
819,3206,1,Spring,2005
330,3206,2,Fall,2014
757,3597,1,Fall,2011
333,3597,2,Spring,2013
195,3207,1,Fall,2004
546,3207,2,Fall,2006
665,3598,1,Spring,2005
253,3598,2,Fall,2008
515,3208,1,Fall,2011
116,3599,1,Fall,2014
912,3599,2,Spring,2013
702,3209,1,Fall,2008
877,3600,1,Spring,2010
274,3600,2,Fall,2012
834,3210,1,Fall,2004
413,3601,1,Fall,2011
19,3211,1,Fall,2012
605,3211,2,Fall,2008
531,3602,1,Spring,2005
117,3212,1,Fall,2011
496,3212,2,Spring,2005
802,3603,1,Spring,2000
408,3213,1,Spring,2006
67,3604,1,Fall,2011
683,3605,1,Spring,2005
475,3214,1,Fall,2015
22,3214,2,Spring,2001
774,3606,1,Spring,2011
407,3215,1,Spring,2000
962,3607,1,Fall,2000
391,3216,1,Fall,2009
278,3216,2,Fall,2009
415,3608,1,Fall,2015
494,3217,1,Spring,2015
399,3609,1,Spring,2003
638,3218,1,Fall,2003
656,3218,2,Spring,2015
592,3610,1,Spring,2002
141,3610,2,Spring,2007
912,3219,1,Fall,2004
56,3219,2,Fall,2008
318,3611,1,Fall,2000
540,3220,1,Fall,2008
225,3612,1,Spring,2003
569,3612,2,Spring,2006
391,3221,1,Fall,2004
61,3221,2,Spring,2014
585,3613,1,Fall,2004
175,3613,2,Spring,2004
175,3222,1,Fall,2002
137,3222,2,Fall,2011
391,3614,1,Spring,2014
219,3614,2,Fall,2000
26,3223,1,Spring,2010
69,3615,1,Spring,2009
92,3615,2,Fall,2002
50,3224,1,Fall,2013
294,3224,2,Spring,2007
824,3616,1,Spring,2000
972,3616,2,Fall,2015
112,3225,1,Spring,2003
586,3225,2,Fall,2010
995,3617,1,Fall,2014
479,3226,1,Spring,2011
895,3618,1,Fall,2015
865,3618,2,Fall,2008
679,3227,1,Spring,2013
929,3619,1,Fall,2013
371,3619,2,Spring,2009
245,3228,1,Spring,2000
695,3228,2,Fall,2015
753,3620,1,Spring,2006
616,3229,1,Fall,2001
530,3621,1,Spring,2003
420,3230,1,Spring,2009
652,3230,2,Fall,2007
538,3622,1,Fall,2014
322,3622,2,Fall,2000
719,3231,1,Fall,2014
311,3231,2,Fall,2010
216,3623,1,Spring,2015
69,3232,1,Spring,2007
912,3232,2,Fall,2014
959,3624,1,Spring,2000
259,3624,2,Fall,2011
975,3233,1,Spring,2014
435,3233,2,Fall,2000
384,3625,1,Fall,2004
144,3234,1,Spring,2004
824,3626,1,Spring,2003
417,3235,1,Spring,2003
27,3235,2,Spring,2008
745,3627,1,Spring,2001
19,3236,1,Fall,2002
310,3236,2,Spring,2000
392,3628,1,Fall,2007
109,3628,2,Fall,2014
966,3237,1,Spring,2013
795,3237,2,Fall,2009
425,3629,1,Spring,2000
326,3238,1,Spring,2000
866,3238,2,Spring,2008
570,3630,1,Fall,2005
170,3239,1,Fall,2013
87,3631,1,Spring,2011
927,3631,2,Fall,2012
137,3240,1,Spring,2003
186,3240,2,Fall,2013
360,3632,1,Spring,2004
321,3241,1,Fall,2013
665,3241,2,Fall,2002
172,3633,1,Spring,2001
951,3633,2,Fall,2013
478,3242,1,Fall,2010
380,3243,1,Spring,2014
65,3244,1,Spring,2015
676,3634,1,Fall,2005
294,3245,1,Spring,2012
509,3635,1,Fall,2002
544,3246,1,Spring,2013
136,3246,2,Spring,2010
705,3247,1,Spring,2000
221,3247,2,Spring,2001
128,3636,1,Fall,2013
305,3636,2,Fall,2008
226,3637,1,Fall,2015
637,3637,2,Fall,2015
617,3248,1,Spring,2005
860,3638,1,Spring,2004
450,3249,1,Fall,2001
693,3639,1,Spring,2001
420,3639,2,Fall,2006
141,3250,1,Fall,2002
128,3250,2,Spring,2013
212,3640,1,Spring,2011
198,3251,1,Fall,2012
629,3641,1,Fall,2002
628,3252,1,Fall,2012
597,3252,2,Fall,2007
781,3642,1,Spring,2013
229,3642,2,Spring,2002
577,3253,1,Spring,2009
5,3643,1,Spring,2004
474,3643,2,Spring,2002
119,3254,1,Spring,2005
17,3254,2,Fall,2009
669,3644,1,Fall,2006
973,3644,2,Fall,2012
392,3255,1,Fall,2005
426,3645,1,Spring,2002
175,3645,2,Spring,2011
646,3256,1,Fall,2008
97,3646,1,Spring,2001
956,3646,2,Spring,2010
78,3257,1,Fall,2001
511,3257,2,Spring,2010
124,3647,1,Spring,2006
985,3647,2,Spring,2006
951,3258,1,Fall,2006
604,3648,1,Fall,2013
779,3649,1,Fall,2009
798,3649,2,Spring,2004
858,3650,1,Fall,2015
463,3650,2,Spring,2013
543,3651,1,Spring,2009
399,3652,1,Spring,2001
61,3652,2,Fall,2006
348,3653,1,Spring,2006
949,3653,2,Spring,2002
666,3654,1,Fall,2015
271,3654,2,Fall,2012
492,3655,1,Spring,2004
527,3655,2,Spring,2012
469,3656,1,Spring,2003
416,3657,1,Fall,2005
760,3657,2,Fall,2005
571,3658,1,Fall,2012
79,3658,2,Fall,2010
139,3659,1,Fall,2006
995,3660,1,Spring,2007
8,3661,1,Spring,2008
77,3662,1,Spring,2004
406,3662,2,Spring,2010
279,3663,1,Spring,2011
200,3663,2,Fall,2014
585,3664,1,Fall,2009
236,3664,2,Spring,2011
96,3665,1,Spring,2005
413,3666,1,Fall,2011
59,3666,2,Fall,2008
957,3667,1,Spring,2001
238,3668,1,Spring,2012
431,3668,2,Fall,2009
834,3669,1,Fall,2005
885,3670,1,Spring,2002
42,3670,2,Fall,2005
634,3671,1,Spring,2013
975,3671,2,Fall,2010
257,3672,1,Fall,2004
307,3673,1,Fall,2014
574,3673,2,Spring,2004
55,3674,1,Fall,2003
24,3674,2,Spring,2003
555,3675,1,Fall,2015
462,3676,1,Fall,2000
344,3676,2,Fall,2002
147,3677,1,Spring,2006
98,3677,2,Spring,2001
211,3678,1,Spring,2001
989,3678,2,Fall,2013
376,3679,1,Spring,2003
907,3680,1,Fall,2014
45,3681,1,Fall,2011
676,3682,1,Fall,2007
920,3683,1,Spring,2005
818,3683,2,Fall,2005
852,3684,1,Fall,2001
939,3684,2,Spring,2000
135,3685,1,Fall,2007
384,3685,2,Fall,2006
821,3686,1,Spring,2011
14,3687,1,Fall,2012
432,3687,2,Fall,2002
544,3688,1,Spring,2003
421,3688,2,Fall,2013
448,3689,1,Fall,2008
444,3690,1,Fall,2003
462,3690,2,Spring,2009
195,3691,1,Spring,2001
959,3691,2,Fall,2002
755,3692,1,Fall,2015
580,3692,2,Fall,2009
321,3693,1,Fall,2008
726,3694,1,Fall,2005
25,3695,1,Spring,2000
556,3696,1,Spring,2003
177,3697,1,Spring,2015
519,3698,1,Spring,2000
376,3698,2,Fall,2011
356,3699,1,Fall,2015
543,3699,2,Fall,2000
696,3700,1,Spring,2008
623,3700,2,Spring,2011
353,3701,1,Fall,2001
220,3702,1,Fall,2014
931,3702,2,Spring,2013
530,3703,1,Spring,2001
433,3704,1,Spring,2013
772,3705,1,Spring,2005
951,3705,2,Fall,2005
741,3706,1,Fall,2014
17,3707,1,Fall,2010
177,3707,2,Spring,2010
310,3708,1,Spring,2007
828,3708,2,Fall,2000
807,3709,1,Fall,2004
894,3709,2,Fall,2000
1,3710,1,Spring,2006
569,3710,2,Spring,2002
494,3711,1,Spring,2014
943,3711,2,Spring,2003
806,3712,1,Fall,2000
757,3713,1,Fall,2011
731,3713,2,Spring,2011
296,3714,1,Spring,2002
3,3715,1,Fall,2012
794,3716,1,Spring,2002
722,3716,2,Spring,2009
489,3717,1,Fall,2007
63,3717,2,Spring,2012
901,3718,1,Spring,2006
80,3718,2,Fall,2011
606,3719,1,Spring,2012
464,3719,2,Fall,2003
558,3720,1,Fall,2012
703,3721,1,Spring,2009
260,3722,1,Spring,2006
92,3723,1,Spring,2011
671,3724,1,Fall,2015
208,3724,2,Spring,2002
120,3725,1,Fall,2002
600,3726,1,Spring,2012
799,3727,1,Fall,2005
759,3727,2,Fall,2005
932,3728,1,Spring,2006
54,3728,2,Spring,2013
908,3729,1,Spring,2013
601,3729,2,Spring,2003
590,3730,1,Spring,2012
464,3731,1,Fall,2006
398,3732,1,Spring,2014
858,3732,2,Fall,2003
390,3733,1,Fall,2005
917,3733,2,Fall,2003
475,3734,1,Fall,2015
557,3734,2,Fall,2009
336,3735,1,Spring,2005
997,3735,2,Spring,2012
363,3736,1,Fall,2002
447,3737,1,Spring,2004
270,3738,1,Spring,2008
159,3739,1,Fall,2011
841,3739,2,Spring,2015
752,3740,1,Fall,2011
585,3741,1,Fall,2013
796,3742,1,Fall,2007
17,3742,2,Fall,2000
951,3743,1,Spring,2015
699,3744,1,Spring,2002
478,3744,2,Spring,2012
715,3745,1,Fall,2004
710,3745,2,Fall,2011
830,3746,1,Spring,2003
953,3746,2,Fall,2012
300,3747,1,Fall,2015
72,3747,2,Spring,2002
290,3748,1,Spring,2007
250,3748,2,Spring,2008
905,3749,1,Fall,2007
715,3750,1,Fall,2013
275,3751,1,Spring,2001
681,3751,2,Spring,2005
618,3752,1,Spring,2008
114,3753,1,Fall,2009
935,3754,1,Spring,2013
285,3755,1,Spring,2002
450,3756,1,Fall,2004
940,3757,1,Fall,2010
165,3757,2,Spring,2001
688,3758,1,Fall,2003
168,3759,1,Spring,2004
533,3759,2,Spring,2008
807,3760,1,Spring,2004
659,3761,1,Spring,2002
408,3761,2,Spring,2013
456,3762,1,Fall,2013
8,3763,1,Spring,2011
774,3764,1,Spring,2009
609,3765,1,Spring,2010
11,3766,1,Fall,2001
871,3767,1,Spring,2015
699,3767,2,Fall,2009
752,3768,1,Fall,2014
23,3769,1,Spring,2000
91,3770,1,Fall,2007
162,3770,2,Spring,2004
468,3771,1,Spring,2015
239,3772,1,Fall,2002
894,3772,2,Spring,2006
452,3773,1,Spring,2005
139,3773,2,Fall,2000
760,3774,1,Spring,2014
487,3775,1,Fall,2008
983,3776,1,Fall,2009
23,3776,2,Spring,2010
573,3777,1,Spring,2008
322,3777,2,Fall,2001
387,3778,1,Spring,2004
819,3779,1,Fall,2014
102,3779,2,Spring,2007
362,3780,1,Spring,2015
570,3781,1,Fall,2007
738,3782,1,Spring,2012
954,3783,1,Spring,2010
140,3784,1,Fall,2012
852,3784,2,Spring,2001
576,3785,1,Spring,2010
583,3785,2,Fall,2000
490,3786,1,Fall,2011
75,3787,1,Spring,2000
4,3788,1,Spring,2004
441,3788,2,Fall,2011
39,3789,1,Fall,2010
900,3789,2,Fall,2012
895,3790,1,Fall,2008
234,3790,2,Fall,2007
67,3791,1,Spring,2000
453,3791,2,Spring,2005
95,3792,1,Fall,2008
710,3792,2,Fall,2012
371,3793,1,Spring,2000
970,3793,2,Spring,2010
390,3794,1,Spring,2014
310,3795,1,Fall,2011
712,3795,2,Fall,2012
541,3796,1,Fall,2012
518,3796,2,Fall,2004
318,3797,1,Spring,2009
984,3797,2,Fall,2001
71,3798,1,Spring,2014
68,3799,1,Spring,2005
606,3799,2,Fall,2014
93,3800,1,Spring,2006
290,3800,2,Spring,2012
138,3801,1,Spring,2010
868,3802,1,Fall,2014
608,3803,1,Spring,2014
440,3804,1,Spring,2014
747,3804,2,Fall,2012
795,3805,1,Spring,2002
996,3805,2,Spring,2006
90,3806,1,Spring,2004
207,3806,2,Fall,2007
256,3807,1,Spring,2014
640,3807,2,Spring,2013
339,3808,1,Fall,2015
378,3809,1,Fall,2007
717,3810,1,Fall,2011
141,3811,1,Spring,2015
266,3812,1,Fall,2003
178,3813,1,Spring,2003
778,3814,1,Fall,2004
839,3814,2,Spring,2004
931,3815,1,Spring,2008
969,3815,2,Spring,2001
805,3816,1,Fall,2006
885,3816,2,Fall,2014
687,3817,1,Spring,2009
14,3818,1,Fall,2006
337,3819,1,Spring,2011
656,3819,2,Spring,2012
455,3820,1,Fall,2005
759,3821,1,Fall,2011
61,3821,2,Fall,2015
874,3822,1,Spring,2000
588,3823,1,Fall,2003
652,3824,1,Fall,2013
951,3824,2,Spring,2014
73,3825,1,Spring,2000
287,3825,2,Fall,2011
669,3826,1,Spring,2001
71,3827,1,Spring,2002
483,3827,2,Spring,2000
503,3828,1,Fall,2014
161,3829,1,Spring,2012
27,3829,2,Spring,2004
151,3830,1,Spring,2007
939,3830,2,Fall,2006
848,3831,1,Spring,2011
303,3832,1,Spring,2009
98,3832,2,Spring,2011
584,3833,1,Fall,2000
727,3834,1,Spring,2015
121,3834,2,Spring,2000
16,3835,1,Fall,2010
969,3835,2,Spring,2005
190,3836,1,Fall,2013
771,3837,1,Fall,2005
913,3838,1,Spring,2010
199,3839,1,Spring,2000
978,3839,2,Fall,2002
478,3840,1,Fall,2001
808,3840,2,Spring,2002
452,3841,1,Fall,2004
820,3841,2,Spring,2011
92,3842,1,Spring,2010
258,3843,1,Fall,2004
341,3844,1,Fall,2015
395,3844,2,Fall,2015
894,3845,1,Spring,2012
540,3845,2,Fall,2009
760,3846,1,Spring,2013
533,3847,1,Spring,2013
291,3847,2,Spring,2010
305,3848,1,Fall,2006
610,3849,1,Fall,2015
434,3849,2,Fall,2003
460,3850,1,Fall,2015
201,3851,1,Fall,2007
171,3851,2,Fall,2009
502,3852,1,Fall,2003
525,3853,1,Spring,2012
981,3854,1,Spring,2009
254,3855,1,Fall,2004
330,3856,1,Spring,2003
548,3856,2,Spring,2005
879,3857,1,Spring,2002
216,3858,1,Spring,2015
52,3859,1,Fall,2013
745,3860,1,Fall,2006
476,3860,2,Spring,2006
580,3861,1,Spring,2002
585,3861,2,Fall,2007
163,3862,1,Spring,2011
46,3862,2,Fall,2012
791,3863,1,Spring,2010
627,3864,1,Fall,2008
385,3865,1,Fall,2001
959,3866,1,Fall,2011
670,3866,2,Spring,2004
806,3867,1,Spring,2014
299,3868,1,Spring,2012
782,3869,1,Fall,2012
483,3869,2,Fall,2011
380,3870,1,Fall,2015
379,3871,1,Spring,2015
43,3872,1,Fall,2004
600,3872,2,Fall,2009
915,3873,1,Fall,2000
961,3874,1,Spring,2002
257,3874,2,Fall,2006
59,3875,1,Fall,2005
154,3876,1,Fall,2007
940,3876,2,Spring,2010
122,3877,1,Fall,2005
622,3877,2,Fall,2007
944,3878,1,Fall,2001
759,3879,1,Fall,2003
822,3879,2,Spring,2005
530,3880,1,Spring,2002
380,3880,2,Spring,2011
839,3881,1,Spring,2005
850,3882,1,Fall,2000
14,3882,2,Fall,2011
158,3883,1,Fall,2000
320,3884,1,Fall,2014
708,3884,2,Spring,2011
981,3885,1,Fall,2012
841,3886,1,Fall,2004
11,3887,1,Spring,2002
324,3887,2,Fall,2014
50,3888,1,Spring,2006
897,3888,2,Spring,2008
250,3889,1,Fall,2007
965,3889,2,Spring,2007
581,3890,1,Fall,2008
485,3890,2,Spring,2003
977,3891,1,Spring,2000
835,3892,1,Spring,2015
578,3893,1,Spring,2001
